t = 100000000
b = 25 25 25
E = -1.27846857460658 -1.27846857460658 0
-589.559073588234 -436.935096313034 -4.15014796884953 -0.186041331727284 -0.426070425931274 0.885354516282095 -0.242945130415588 0.893053808876956 0.378725047298504 0 0 0 0 0 0
-589.858371647779 -436.700121911859 -3.96561436002781 0.668716010517657 -0.0743971433285294 0.739786444666475 -0.136029803496207 0.965945538077783 0.220102578724626 0 0 0 0 0 0
-591.034758989382 -436.415856465502 -4.73704087158639 -0.710862923436698 0.574216667656581 0.406139407971867 0.40789984011038 0.80700637603127 -0.427034629699063 0 0 0 0 0 0
-590.92374530745 -437.073946678841 -3.972721320943 0.425106976022219 0.714679614110865 0.55544317392069 -0.904322800662363 0.309230380208316 0.294239438216399 0 0 0 0 0 0
-591.111349863516 -437.083158226952 -3.53845681501711 0.0423912006827383 0.993749314167084 -0.103273475462117 -0.913236102052968 0.0804642224245254 0.399406386887425 0 0 0 0 0 0
-591.45715240688 -436.947270769641 -3.12551145813918 -0.013442729028485 0.82101884224943 -0.57074283714733 -0.791838866370644 0.339807504506234 0.50746638914379 0 0 0 0 0 0
-591.608021353225 -436.589381351315 -2.82017743898746 -0.356949193789408 0.297573499534692 -0.885458867756281 -0.863718065432764 0.255887800857512 0.434180416581018 0 0 0 0 0 0
-592.12012912054 -436.234132604288 -2.744980726964 -0.19008400667529 -0.289594028892966 -0.938085037727123 -0.96146254430335 0.248236534694675 0.118188487736374 0 0 0 0 0 0
-592.637251318564 -435.984854122012 -2.73442583131612 -0.0861768026020697 -0.48565027122541 -0.86989511077881 -0.918042894741777 0.377879546038012 -0.120018246998889 0 0 0 0 0 0
-592.976309382354 -435.702220960052 -2.98548924716028 -0.158972005985587 -0.936481543720575 -0.31261874264246 -0.922658269535699 0.253600140478577 -0.290497561355245 0 0 0 0 0 0
-593.349191260555 -435.612015169385 -3.38925954142679 -0.263951365980912 -0.879829080721264 0.395260309584298 -0.936832570416566 0.136345906373579 -0.322109678801024 0 0 0 0 0 0
-593.782734328322 -435.76300877166 -3.72635772769205 -0.279776101358289 -0.432866775153603 0.856943297892389 -0.959848355098327 0.145089718031517 -0.240083712391694 0 0 0 0 0 0
-594.321465400688 -435.933267831109 -3.77711328904693 -0.0742284040443667 0.026068868070837 0.996900555011193 -0.994443585110405 0.0728934618751534 -0.0759516186082035 0 0 0 0 0 0
-594.821387370149 -436.223948579956 -3.64532010260032 0.102355807986212 0.56623298194713 0.817865217711978 -0.971017006649962 -0.121643095856491 0.205739968308838 0 0 0 0 0 0
-595.140369771557 -436.428544415944 -3.25588884221545 0.0291047139839546 0.992162162641307 0.121520300129876 -0.999461438001888 0.0270420904179169 0.0185886780022739 0 0 0 0 0 0
-595.586548461598 -436.37560988716 -2.9564927843104 0.0117518297127802 0.932983523337463 -0.359727232504527 -0.960286413400254 0.110824788332137 0.256062283971996 0 0 0 0 0 0
-595.985313498265 -436.297159287541 -2.63809614202431 -0.0244044748609054 0.612277642483231 -0.790266201182292 -0.979849073388313 0.142108151227836 0.14036073140451 0 0 0 0 0 0
-596.448758767513 -436.021596212078 -2.46286383238162 0.138243778841598 0.162659213866368 -0.976949729994844 -0.98644582554293 -0.0654238019368472 -0.150480417189164 0 0 0 0 0 0
-596.905263457959 -435.807045169204 -2.62682229838301 0.22723929797106 -0.521453105725133 -0.822465247933495 -0.953220766716358 0.0537668627350879 -0.297454693220823 0 0 0 0 0 0
-597.161375876296 -435.561683511166 -3.02988409551372 -0.045552076881665 -0.962278985735954 -0.268224555406423 -0.92653544729746 0.141071988125581 -0.348756205402973 0 0 0 0 0 0
-597.453966867855 -435.478274615279 -3.44465697524453 -0.302011196463295 -0.860756544311236 0.409740716803942 -0.915322744416015 0.141712769460406 -0.376963987492018 0 0 0 0 0 0
-586.616098297437 -435.531362779157 -5.53698057419786 -0.955986882130263 0.224082485724758 -0.189410259983005 -0.20207766964328 -0.0348001810649437 0.978751107737688 0 0 0 0 0 0
-586.726454793209 -435.287630163041 -5.11515458453895 -0.796337986503847 -0.493474297910548 -0.349755486851624 -0.400937532604949 -0.00229007905704406 0.916102521068868 0 0 0 0 0 0
-587.043875559817 -435.073500543503 -4.78636841502972 -0.505442554255544 -0.834122312809706 -0.220834390222304 -0.521482659054281 0.0913942535770139 0.84835307339553 0 0 0 0 0 0
-587.475203783084 -434.964694440914 -4.61157434353106 -0.124342884584774 -0.99073006681222 0.054706965039725 -0.738891796367283 0.129252442594555 0.661311390548918 0 0 0 0 0 0
-588.030598665647 -434.949092663263 -4.54498572113724 0.339247498337754 -0.800903631571331 0.493421292356581 -0.618770520588446 0.205091556087202 0.758327460140709 0 0 0 0 0 0
-588.531523859197 -435.145678359222 -4.37290540095292 0.607985372565896 -0.396793646360762 0.687683555725121 -0.744213961377602 0.0169198452809155 0.667727018176057 0 0 0 0 0 0
-588.861887119655 -435.432440710338 -4.0412988658994 0.725146620419172 0.165205656752616 0.668482951026256 -0.66653727507738 -0.0753390668644784 0.74165495497475 0 0 0 0 0 0
-588.967150417878 -435.761570214979 -3.62278995210454 0.598958774179621 0.643106651778866 0.477139713114926 -0.373664411526967 -0.302538860505246 0.876838191924882 0 0 0 0 0 0
-588.898014597796 -436.042827009271 -3.15955911577419 -0.0695501195653998 0.959942567979438 0.271427738703899 -0.404608895424639 -0.275846688267626 0.87189462062032 0 0 0 0 0 0
-588.810958360172 -436.180342736498 -2.61400716005097 -0.582523194775877 0.784075548007749 -0.21422514412062 -0.58617836758148 -0.222662910222804 0.778984121711637 0 0 0 0 0 0
-588.917127956624 -436.019204016977 -2.19119668328245 -0.809502070633192 -0.0382559614365645 -0.58586939870048 -0.574090333638066 -0.157461533584857 0.803508700370455 0 0 0 0 0 0
-589.307538198024 -435.822050582721 -2.00536516646246 -0.3772103094048 -0.853283291744801 -0.360028103966717 -0.604412817853726 -0.0677322961058385 0.793786886832668 0 0 0 0 0 0
-589.845690596306 -436.002736498152 -1.78072000653321 0.362056864925683 -0.926350412004681 -0.103874783457364 -0.417192686313926 -0.260683099685559 0.870628920923849 0 0 0 0 0 0
-590.217946038647 -436.207955809165 -1.49438205959956 0.911799719143172 -0.403641846980711 0.0754632256116796 -0.164600683398427 -0.190902732547127 0.967710105997422 0 0 0 0 0 0
-590.277097038391 -436.491601819734 -1.16204460357739 0.893955046490256 0.386073854827553 0.227577195515154 -0.209538448585722 -0.0888103774010537 0.973758891848514 0 0 0 0 0 0
-590.237502443726 -436.750054041976 -0.641134476953358 0.281583391745102 0.953359662248714 -0.108703441296151 -0.349132001330712 0.207318088754573 0.913852393860542 0 0 0 0 0 0
-590.128429371327 -436.582939909739 -0.156185061664456 -0.560074937678888 0.659427314340252 -0.501469665649663 -0.410276520896114 0.305090093106995 0.859414519298939 0 0 0 0 0 0
-590.193276761008 -436.149986517111 0.102965644293384 -0.919965855733823 -0.202366487551315 -0.335724030126175 -0.379282972197591 0.243155371837677 0.892759703318965 0 0 0 0 0 0
-590.399308533744 -435.651284057403 0.226362761377594 -0.746113734305752 -0.64438568319919 0.167575583503073 -0.372115084901639 0.612275271265476 0.697602723470504 0 0 0 0 0 0
-590.80039578535 -435.392444657357 0.299209367210587 0.0999720302491464 -0.672051999240639 0.733724663673659 -0.35935289326352 0.663258076530457 0.656471173773802 0 0 0 0 0 0
-591.168102616774 -435.30625059668 0.669630717475993 0.661011401953464 -0.366408529706048 0.654834987994632 -0.452344850971872 0.501710761061638 0.737340224117913 0 0 0 0 0 0
-591.468908298967 -435.324565098386 1.08446962937762 0.946111941236693 0.21573764765843 0.241515299520822 -0.323838408406222 0.632644893172364 0.703483723234557 0 0 0 0 0 0
-591.388918515096 -435.169129788885 1.49346070642761 0.461149437676996 0.795232030020182 -0.393633496722666 -0.310489261006713 0.560191053226333 0.767972973305886 0 0 0 0 0 0
-591.383556702155 -434.751138762205 1.93332670291598 0.0653994442549036 0.618307909999397 -0.783210324547072 -0.346108516343511 0.750220562500103 0.563363290168481 0 0 0 0 0 0
-591.314698094585 -434.299480498377 2.11025801647682 -0.489165285592891 0.286029495390027 -0.823956655750971 -0.376654253662189 0.782789747761094 0.495350296675098 0 0 0 0 0 0
-591.172397698886 -433.912471574796 2.14251225760697 -0.98521270303146 -0.0218805370640042 -0.169932968294461 -0.116981122100671 0.810563891044088 0.573848140337752 0 0 0 0 0 0
-591.370908704625 -433.445366137636 2.15141436802909 -0.679498564868967 -0.488600884475384 0.547312486678867 -0.0386552944021789 0.76879163002927 0.638330096730077 0 0 0 0 0 0
-597.275255549543 -436.829481629827 -3.17225404774643 -0.501381285464434 0.834755157616708 -0.227598033881155 0.864055552218644 0.469388126483111 -0.181887218901583 0 0 0 0 0 0
-597.093257958687 -436.621862429893 -3.54164169200421 -0.0721887896928732 0.821257132147448 0.565973276226015 0.993042082268541 0.112115220175634 -0.0360245011663227 0 0 0 0 0 0
-596.63659006053 -436.367713644839 -3.63076034442237 -0.191565796226562 0.501584158320082 0.843632654096422 0.963087172721178 0.261689331756937 0.0631025335895592 0 0 0 0 0 0
-596.382601684429 -435.940088964902 -3.70193171978495 0.0931323783650913 -0.137481704779112 0.986116269964457 0.897601002847721 0.440187272604382 -0.0234029514513847 0 0 0 0 0 0
-595.998171007895 -435.508371965725 -3.53894921540835 0.037325889834445 -0.712762122269817 0.700411987811993 0.999170833690719 0.0152142552200965 -0.0377646256137309 0 0 0 0 0 0
-595.502964123365 -435.274214459854 -3.32374461417623 -0.0394134920922068 -0.93777780565852 0.344991977245293 0.998022497222142 -0.0538648216448024 -0.0323998264578809 0 0 0 0 0 0
-595.162200103408 -435.291678668108 -2.96458664609121 0.0361606164839823 -0.91641014602716 -0.398603674094578 0.988195881518393 -0.0266268226727435 0.150863803600856 0 0 0 0 0 0
-594.683966753157 -435.464847578725 -2.76258177751102 -0.0877087748829005 -0.64102479014591 -0.762492259947337 0.935659262156713 -0.315678607754188 0.157761961664985 0 0 0 0 0 0
-594.393546253179 -435.934630655128 -2.62564636691975 0.0840290367729466 -0.0420610851446303 -0.995575210429609 0.936289095617292 -0.338603449218122 0.0933304549512828 0 0 0 0 0 0
-594.102914838595 -436.339350515463 -2.70710442334841 0.262628663809239 0.484054549172983 -0.834696016977046 0.869145979818429 -0.494378692327985 -0.0132306807769849 0 0 0 0 0 0
-593.658486197133 -436.678041672781 -2.95355356328125 0.300596090160461 0.898222313722059 -0.32068488874649 0.945990227929448 -0.323598853557525 -0.0196538804587392 0 0 0 0 0 0
-593.262006934418 -436.808746549689 -3.21645957682202 0.283758055954078 0.940568475163813 0.186580857778988 0.950550789608566 -0.250297112839373 -0.183860524315087 0 0 0 0 0 0
-592.794038084875 -436.797367522499 -3.52212395682512 0.195318759995969 0.822322650336061 0.534449358150069 0.931589350236226 0.0147890626336543 -0.363211632313367 0 0 0 0 0 0
-592.47304281319 -436.564272758813 -3.78961706158885 0.38358021196567 0.2516397752308 0.888562700910671 0.920699622793975 -0.029226965781073 -0.389176185936452 0 0 0 0 0 0
-592.035107376766 -436.287566324008 -3.97553540653156 0.306086030748638 -0.24281467886275 0.920517546219414 0.947353631017518 0.173142701276894 -0.269337771092824 0 0 0 0 0 0
-591.596026693259 -435.987173570317 -3.82566288625011 0.249730057027854 -0.844637652655553 0.473521060965002 0.949165676799563 0.116752526456163 -0.292324118512433 0 0 0 0 0 0
-591.12003322673 -435.831783312677 -3.65638258871024 0.050305685691606 -0.99765910525062 0.0463232328121429 0.968463918122977 0.0373959073595002 -0.246331641581089 0 0 0 0 0 0
-590.651175234069 -435.934163881516 -3.44823949863592 -0.185900676969958 -0.769485816578043 -0.611009644074628 0.947500739369855 0.0242609609018685 -0.318832110483551 0 0 0 0 0 0
-590.203137748313 -436.159889996939 -3.56353083979835 -0.563785312308916 -0.00051460247858362 -0.825921276037492 0.815419857567568 0.15861322511453 -0.55671572610844 0 0 0 0 0 0
-589.621333137064 -435.204640217315 -2.37842676011221 0.771994866701541 -0.369076657297732 0.517500118552621 0.578859162316526 0.0718982670527534 -0.812251638653359 0 0 0 0 0 0
-589.197619857272 -435.051144633434 -2.68091492634274 0.386208318098201 -0.821968823517103 0.418581545972239 0.580690500619665 -0.135925764734361 -0.802697206338759 0 0 0 0 0 0
-588.801023856383 -434.953040042571 -2.74353256301583 -0.137164480337815 -0.947675713408524 -0.288265103446999 0.561658567158638 0.165302762723742 -0.810687801068585 0 0 0 0 0 0
-588.324139990592 -434.98656508503 -3.06197195884367 -0.542837066303992 -0.746270725012674 -0.385237630165377 0.619560297952913 -0.046165284200222 -0.783590373641936 0 0 0 0 0 0
-587.973764305589 -435.291349455016 -3.26217567605988 -0.768750116269307 0.0305712513439205 -0.638818237570173 0.607213890814847 -0.278699897844418 -0.744054905929072 0 0 0 0 0 0
-587.710074801287 -435.621167815111 -3.58290335835549 -0.711918893688195 0.392552746867226 -0.582300623374922 0.499613289312983 -0.299591499549032 -0.812792513817023 0 0 0 0 0 0
-587.749648793021 -435.990546734968 -4.02775900893064 -0.213413945377386 0.875738766068169 -0.433054560924309 0.603119872440107 -0.230616621732539 -0.763585282158668 0 0 0 0 0 0
-587.580719358352 -436.143344860611 -4.48738904280542 0.0781048052268192 0.989747578943397 -0.119580626570786 0.374016756614856 -0.14027645803356 -0.916751906949857 0 0 0 0 0 0
-587.692840003194 -436.137776582571 -5.02003200626238 0.535767730424542 0.835491059335755 0.122097032272392 0.317934328861461 -0.0656561202384565 -0.945836704317923 0 0 0 0 0 0
-587.725691695492 -435.800986465593 -5.52758086946406 0.82461546505844 0.405857229200454 0.39406782189021 0.383300273595305 0.111456313594067 -0.916874347823016 0 0 0 0 0 0
-587.651258256643 -435.439030399493 -5.7658213127876 0.880215216004515 -0.468036069914022 -0.0785078691693979 0.0189387550597702 0.19993862578526 -0.979625397114915 0 0 0 0 0 0
