t = 930000000
b = 25 25 25
E = -1.30620060358656 -1.30620060358656 0
738.738714673805 -295.241307687484 284.809441323727 0.0583483649952989 -0.600839149189239 -0.797237667569889 0.199462658007275 0.789512024981387 -0.580418436344277 0 0 0 0 0 0
738.969580078356 -294.718759043032 284.589003181676 -0.369606715285481 -0.68325175102425 -0.629728528128231 0.0201190277030832 0.671675377304226 -0.740572375236493 0 0 0 0 0 0
739.115564148897 -294.471985316184 284.11054364155 -0.737289718448463 -0.61118938529498 -0.287839455810595 -0.166368338863104 0.577204714846666 -0.79947258423939 0 0 0 0 0 0
739.045443310508 -294.484547580461 283.637393261174 -0.953704431356007 0.168195654573736 0.249315394597831 -0.085609624640778 0.642866628010014 -0.761179059017886 0 0 0 0 0 0
738.879997546684 -294.359060498071 283.121236501126 -0.761981717563879 0.28853190795821 0.579770082297013 -0.396808541103457 0.499491219143801 -0.770098495290208 0 0 0 0 0 0
738.669346857018 -294.126906367402 282.707306211683 -0.487116596060364 0.433235416907789 0.758303812503144 -0.577522614179986 0.491536553535475 -0.651812568253158 0 0 0 0 0 0
738.220457894862 -294.139383031455 282.390633487371 -0.131850339378334 0.651629616745817 0.746990168792347 -0.842428754933064 0.323491751631824 -0.430890895262049 0 0 0 0 0 0
738.016664012497 -293.165230695948 281.715077963489 -0.191666847743191 0.821767665938117 0.536620702231981 0.248057885228452 0.569566726619987 -0.783620564855591 0 0 0 0 0 0
738.318109713975 -292.621000166047 280.711809089073 -0.103617022707648 0.0213162165427523 -0.994388935934709 -0.991609976303762 0.0754736424966302 0.104945277763408 0 0 0 0 0 0
737.832903288658 -292.31725436379 280.617876463282 0.0405743635671126 -0.741156944236086 -0.670104551534726 -0.993873996803514 -0.0989385841502502 0.0492508435701115 0 0 0 0 0 0
737.420220995517 -292.237551791014 280.375203472855 0.0632599599190715 -0.997544959189498 0.0300397134747757 -0.99799306149946 -0.0633172070561753 -0.000956967951997099 0 0 0 0 0 0
736.937575604448 -292.363231743355 280.051568574105 0.0538048212333751 -0.850376631260537 0.523416502297942 -0.988537905021266 -0.119408821918283 -0.0923821971938396 0 0 0 0 0 0
736.489441314338 -292.610518570589 279.841267133396 0.148722616231457 -0.396822460517845 0.905766784365352 -0.954435179950708 -0.297240134141548 0.0264908521894004 0 0 0 0 0 0
736.264632313313 -293.09881037771 279.716714230112 -0.117815952912322 0.133412943243213 0.984032746712544 -0.872778243768467 -0.486594369526935 -0.038524319786182 0 0 0 0 0 0
735.909508988865 -293.46682905537 279.868751025522 -0.010701628286331 0.438770741278029 0.898535305716065 -0.749394735857622 -0.598450988001855 0.283308884516233 0 0 0 0 0 0
735.875669741441 -293.833896313938 280.097612989474 -0.549426696993358 0.693263628678089 0.466386108837488 -0.625478465670098 -0.711353310783356 0.320551596980351 0 0 0 0 0 0
735.793260520337 -294.052162616905 280.56127868234 -0.785101470303007 0.614700245447438 -0.0758903916571144 -0.591207999311594 -0.70723481401195 0.387675291206036 0 0 0 0 0 0
735.465683553376 -294.204539851109 280.949494120178 -0.664878244109522 0.394109161021985 -0.634519494972533 -0.703509658047732 -0.615878078788187 0.354638539472107 0 0 0 0 0 0
735.012478546359 -294.206792959881 281.287242309785 -0.246019169222266 -0.0264194891609868 -0.968904942788963 -0.702519333378843 -0.683847362514893 0.197026672328396 0 0 0 0 0 0
734.463326130051 -294.257122665255 281.271599519995 0.293876178579943 -0.439180413243499 -0.848974341645202 -0.672539913045764 -0.726145700766275 0.142837656407499 0 0 0 0 0 0
734.020523382972 -294.530796615025 281.157342657836 0.693734479250029 -0.617294059495439 -0.371053383473357 -0.635856002598014 -0.766888971151709 0.0869976912966939 0 0 0 0 0 0
735.929838166392 -292.583686694848 273.92425774926 0.229731192865025 0.914296490754231 -0.333595083830175 0.359949795884403 0.238641792216179 0.901934800685846 0 0 0 0 0 0
736.338989101721 -292.44824294269 274.180801102696 -0.592575453827374 0.801946967599243 0.0757335066251078 0.335338206473118 0.160113847313919 0.928392112767443 0 0 0 0 0 0
736.660044106493 -292.108337462812 274.480836403011 -0.912934929205498 0.164982661279698 0.373270173533576 0.399619641748997 0.175847576162067 0.899656530254944 0 0 0 0 0 0
736.712238840101 -291.828408026024 274.934545392118 -0.963340274519512 -0.136466014086024 0.230981886492398 0.164702975895186 0.378791514767002 0.910708510720364 0 0 0 0 0 0
736.663370724675 -291.450376431131 275.190360854884 -0.589666980963958 -0.63690318408993 0.496636046353173 0.141822100185277 0.523708117044097 0.84000978929102 0 0 0 0 0 0
736.50223626287 -291.186646337366 275.681452613792 -0.0209674862435939 -0.990509606250455 0.135834679424312 0.34305430370717 0.12048808137577 0.931555876632435 0 0 0 0 0 0
736.287663916531 -291.198491394758 276.157176117934 0.557591677693712 -0.829747066471032 -0.0247306287871436 0.180112789126778 0.0918467015811282 0.979348641731529 0 0 0 0 0 0
736.267269817816 -291.300911139813 276.690770218445 0.815898469313261 -0.409369131408192 -0.408321863848141 0.443228985730599 -0.0106685176151677 0.896344955994233 0 0 0 0 0 0
736.411735189037 -291.523131243108 277.098528615572 0.812660608359811 0.0808262154531141 -0.577104778147833 0.582386002789084 -0.147031557994784 0.799504996451206 0 0 0 0 0 0
736.779504996724 -291.843680677119 277.378763817324 0.552551402299202 0.698731318512122 -0.454380348621491 0.697139270849377 -0.0886519065558494 0.711433551340269 0 0 0 0 0 0
737.276979573326 -292.0242561014 277.527509988961 0.196770482094852 0.972094081957152 -0.12772888378987 0.688366376054724 -0.044206155987031 0.724014998085736 0 0 0 0 0 0
737.810445152138 -291.93494835639 277.747787383892 -0.266069246902174 0.96371299948611 0.0215533653345659 0.689670634514322 0.174692940986746 0.702735285497663 0 0 0 0 0 0
738.240587378877 -291.69839025349 277.804500306976 -0.685667516081859 0.433951509257008 0.584419610654636 0.706771688608603 0.204792039712857 0.677151432968267 0 0 0 0 0 0
738.593877506131 -291.391666557917 278.134393345537 -0.841403320114279 0.0905443714852985 0.532768507663239 0.524198716772351 0.376392422583525 0.763900927769154 0 0 0 0 0 0
738.708279742122 -290.983773450755 278.461817660994 -0.648478253172105 -0.545470241276131 0.530978530401559 0.475239628336166 0.254796602214828 0.842155568756077 0 0 0 0 0 0
738.740608121776 -290.781026847295 278.883660694944 -0.14924692384895 -0.956616851218025 0.250219193306601 0.31834775914192 0.193093048547332 0.928100133262315 0 0 0 0 0 0
738.533905873067 -290.703696423034 279.351585591121 0.607986779160794 -0.789252520289956 0.08621294813825 0.201254720580971 0.258246231052343 0.944883819879049 0 0 0 0 0 0
738.377818041221 -290.894249689864 279.810615387971 0.992094599378218 -0.0193551802450012 -0.123990972905361 0.123543532927784 0.324096765387768 0.937922383194154 0 0 0 0 0 0
738.608537667237 -290.90831394298 280.234084390332 0.576141719731994 0.644733037672606 -0.50237453258788 0.180435325836268 0.499148208149147 0.847522419290749 0 0 0 0 0 0
738.991633298576 -290.819148516353 280.552000776035 -0.259421596657506 0.867050591912865 -0.42535141480033 0.160467193892176 0.473006272368008 0.866322945487475 0 0 0 0 0 0
739.31219256414 -290.414567648414 280.787229296381 -0.869876770688996 0.492087673389718 -0.0341215460435196 0.226509827997918 0.45994138668979 0.858572840360669 0 0 0 0 0 0
739.352026879614 -289.972237635102 280.994884179233 -0.712269248045663 -0.492828497592409 0.499792741076696 0.249666558751391 0.487596898730204 0.836609835859579 0 0 0 0 0 0
739.195316205811 -289.662838533501 281.295212080395 0.096513832813994 -0.791909340966077 0.602963442586675 0.25878852938005 0.604922318974944 0.753058835237672 0 0 0 0 0 0
739.130857435001 -289.547222183841 281.714550489814 0.967001001407159 -0.247246341623627 0.0614691170028926 0.142719250649409 0.725555010296491 0.673202266635602 0 0 0 0 0 0
739.102104724388 -289.354899891412 282.137587621299 0.828123917914043 0.306635022073549 -0.469239687971362 0.0517600218463326 0.791706454801881 0.608705103565261 0 0 0 0 0 0
739.307589714485 -289.130152518602 282.541400753663 0.38860423655317 0.541471426398011 -0.745516983542628 -0.0195514531751121 0.813772677642575 0.580854423734923 0 0 0 0 0 0
739.525395728497 -288.727983517835 282.794637911595 -0.317632578952362 0.378107422950467 -0.86956568261614 -0.0117897476619144 0.915410769570917 0.402348418348888 0 0 0 0 0 0
734.724587072413 -295.214130115967 280.559757277508 -0.618327588669076 0.641678259870916 0.453784069298254 0.64097976859171 0.745845819401058 -0.181270297365592 0 0 0 0 0 0
734.827760630416 -294.771820407403 280.244674707605 -0.305376995025187 0.364696873640265 0.879625549890954 0.520887175464421 0.837269691373731 -0.16630108197524 0 0 0 0 0 0
734.773950543434 -294.234155785856 280.14317384684 0.223442886953884 0.00713137895608444 0.97469096803207 0.417132650708756 0.90307741714573 -0.102232933653961 0 0 0 0 0 0
734.704196086641 -293.736375287979 280.193760063508 0.655952997304385 -0.345316664557823 0.671179738644449 0.589002009591575 0.790249752148383 -0.169062384959403 0 0 0 0 0 0
734.881499392182 -293.254057336563 280.458324767196 0.699301689674963 -0.707286483216344 0.103552723242282 0.714000541077126 0.698088350268131 -0.053628146954308 0 0 0 0 0 0
735.270747329613 -292.939707121235 280.6871406673 0.484959044749762 -0.759896392968073 -0.432865121465125 0.838631261051883 0.544457494755608 -0.0162395593821164 0 0 0 0 0 0
735.729758080945 -292.878825827283 280.859579882536 0.201647630563108 -0.522895323940576 -0.828202205636458 0.954521134941632 0.294500187550765 0.0464671320278527 0 0 0 0 0 0
736.237902499603 -292.997327702577 280.943692928345 -0.124606095803429 0.0521859328871208 -0.990832983557878 0.962368664142739 0.249411853949547 -0.107890232061951 0 0 0 0 0 0
736.659044245225 -293.255537112806 280.916939728774 -0.0745066685557121 0.55989882594557 -0.825204242349407 0.996044371987353 0.00160489590119718 -0.0888426945097528 0 0 0 0 0 0
737.035124900205 -293.407519437883 280.588115672552 -0.110337387424355 0.959237954401575 -0.260169632795487 0.968129028950161 0.0445125979164962 -0.246464733753269 0 0 0 0 0 0
737.444731321614 -293.418688866158 280.235474257793 -0.0474095507360044 0.992078117128754 0.116333224022455 0.918040392534348 0.0891732000931004 -0.386328945386267 0 0 0 0 0 0
737.877297707882 -293.287894050451 279.856055872837 -0.0633891851310706 0.757080199955114 0.650239526654189 0.982644110984991 0.161164364151292 -0.0918512964168137 0 0 0 0 0 0
738.200256734807 -292.956843035616 279.727871804066 0.169065035756309 0.0255107496926546 0.985274765533972 0.966203341120644 0.193083965493821 -0.170791867808004 0 0 0 0 0 0
738.562537267139 -292.631336088143 279.864006764846 0.156070585099143 -0.667448359602247 0.728117325933849 0.987370616673621 0.125741580871172 -0.0963766665980018 0 0 0 0 0 0
738.247825675859 -291.595808639104 279.32169292029 -0.0529295694824821 0.992545574849373 -0.10978101996193 -0.345425516897819 -0.121346476243605 -0.930567749458959 0 0 0 0 0 0
737.898940223058 -291.568515280958 279.070949137506 0.63133852374935 0.60650719701488 -0.483281355674164 -0.530706479395677 -0.116509545113675 -0.839509549353249 0 0 0 0 0 0
737.555217036687 -291.288126141469 278.771351322033 0.890285748393372 -0.011259917343943 -0.455263207290915 -0.455347807149354 -0.037492357481011 -0.889523896414626 0 0 0 0 0 0
737.507630995114 -290.957094023606 278.427544590411 0.591055725557816 -0.605620828020613 -0.532800780222879 -0.559121989357907 0.168498338143496 -0.81178254467261 0 0 0 0 0 0
737.459820706873 -290.821689375843 277.887616757192 0.370173125606029 -0.902609544096455 -0.219700046445458 -0.412084333246776 0.0524089120282187 -0.909637286475099 0 0 0 0 0 0
737.39605820725 -290.888415815646 277.288644257599 0.1559474770636 -0.943482244015404 0.292441169582113 -0.255440550567088 -0.324513030394719 -0.910736834302195 0 0 0 0 0 0
737.423721448661 -291.069319127236 276.82655075669 -0.434994184144695 -0.728195432423823 0.529633415950242 -0.315084804810184 -0.427911669687903 -0.847120519611879 0 0 0 0 0 0
737.452134874647 -291.454494168062 276.457908205142 -0.844194986598676 -0.0802840620713653 0.529989980208236 -0.486924593544164 -0.298575562662282 -0.820827144247779 0 0 0 0 0 0
737.204150919245 -291.851659225754 276.300800405762 -0.779412553835162 0.594963147270885 0.196303205566254 -0.478955499336734 -0.363856337510421 -0.79888060671197 0 0 0 0 0 0
736.886346283514 -292.202312833601 276.223826977275 -0.366964650704493 0.889297898214568 -0.27292194406234 -0.465104963132018 -0.429488850173393 -0.774090989300756 0 0 0 0 0 0
736.395846216659 -292.357126667935 275.967267577717 0.184830876256961 0.927240246559036 -0.3256735187525 -0.409905663409644 -0.228446781205717 -0.883056934154249 0 0 0 0 0 0
735.940379478777 -292.242250190629 275.787473456248 0.601622627562381 0.605416259452301 -0.521077267102418 -0.47572863400959 -0.252457928815195 -0.842583742269399 0 0 0 0 0 0
735.655383172421 -292.058999201378 275.337870256566 0.871997391740402 0.153567870567191 -0.464798368543255 -0.477919106871223 0.0616736727893844 -0.876236115733152 0 0 0 0 0 0
735.588479318717 -291.765213975821 274.848581024085 0.86096197983083 -0.45501919159761 -0.22738108788898 -0.135810553317124 0.22515946407576 -0.964810240255509 0 0 0 0 0 0
735.729877563462 -291.485798282741 274.325319644884 0.349633453774963 -0.923363989946003 -0.158605085834862 -0.452553773211872 -0.0182197138456984 -0.891551024690644 0 0 0 0 0 0
735.77736685174 -291.526359866905 273.785730714612 -0.169928342903472 -0.946943280554806 0.272805788052226 -0.468201904105255 -0.166011789556521 -0.867886628860747 0 0 0 0 0 0
