t = 398000000
b = 25 25 25
E = -1.19979395342547 -1.19979395342547 0
-1354.54869162309 -828.808201213805 397.547490589183 0.593873454674478 0.484118264844507 0.642607053709289 -0.717192656425996 -0.0434287275329975 0.695520408897871 0 0 0 0 0 0
-1354.73900213737 -829.010423302575 398.015801507721 0.370574402655585 0.922464056803165 0.10832670955354 -0.595858891199166 0.146647175993192 0.789586466165749 0 0 0 0 0 0
-1354.12793985219 -829.977086198401 397.518177292256 0.812280083836348 -0.0992773817933582 0.57475652833793 -0.276117949461187 -0.933445886350315 0.228992696916394 0 0 0 0 0 0
-1353.90957460729 -830.49710215911 397.512694988776 0.341242010271239 0.224382152411934 0.912801479022155 -0.287426542088457 -0.899669016820338 0.328605604146671 0 0 0 0 0 0
-1353.76819335619 -830.970183086495 397.664569248095 -0.324602724715916 0.484663473495965 0.812240351475991 -0.297865117867988 -0.867427353165902 0.398555088459668 0 0 0 0 0 0
-1353.65406433847 -831.377851641483 398.087355255001 -0.755513461263328 0.554523563942422 0.34885960913025 -0.412973325046811 -0.816491800808403 0.403477597906549 0 0 0 0 0 0
-1353.81762277851 -831.748568993613 398.48144846789 -0.842609563317277 0.522281034784155 -0.131269358614486 -0.538311517364426 -0.810007313218863 0.232613118298968 0 0 0 0 0 0
-1354.19717348152 -831.961368539023 398.823123475222 -0.569951802137178 0.370951097221072 -0.733178168463207 -0.634535282206702 -0.765602588188897 0.105913420270196 0 0 0 0 0 0
-1354.6625736977 -832.009400085044 399.008192923001 -0.217583398355296 -0.0776009665255058 -0.972951979675489 -0.764673189632375 -0.605943291076634 0.219334541412585 0 0 0 0 0 0
-1355.18963178138 -832.268604309382 398.93051836717 0.384461404620136 -0.151096895484463 -0.910691581454717 -0.586301953321652 -0.801965955307959 -0.114457966337849 0 0 0 0 0 0
-1355.55024232926 -832.490833824298 398.675082577336 0.740024591489036 -0.361820805228984 -0.566964997945142 -0.555909805841356 -0.803543333975758 -0.212796612267563 0 0 0 0 0 0
-1355.81780616748 -832.727978407009 398.393736502751 0.876925086286362 -0.480513557533346 0.0104457679611041 -0.463427591316982 -0.851106236035535 -0.246684094719491 0 0 0 0 0 0
-1355.87702061674 -833.009474698026 398.026691378887 0.503811714015626 -0.590314185761643 0.630636915276316 -0.51855144774755 -0.790564482685024 -0.325748668079946 0 0 0 0 0 0
-1355.91406390848 -833.451167868999 397.595873911605 0.207523232169894 -0.289101432212543 0.934534359990261 -0.343048705466063 -0.916170282526087 -0.207242850525976 0 0 0 0 0 0
-1355.78700416969 -834.048649522614 397.532845852654 -0.269730744423211 -0.000866779267982064 0.9629353946172 -0.413605153154939 -0.90295023551558 -0.116668973879164 0 0 0 0 0 0
-1355.74282966678 -834.596897092852 397.62919226096 -0.624931102333064 0.287796420742499 0.725695761007725 -0.299493408995138 -0.946825078564916 0.117583878865317 0 0 0 0 0 0
-1355.75697233232 -835.040208067366 397.93691925275 -0.906911486554232 0.383247064089321 0.175023551052141 -0.33590223669907 -0.908463725416607 0.248723434727684 0 0 0 0 0 0
-1355.95735861897 -835.38621145627 398.292223019423 -0.784785112801271 0.279013369028413 -0.553411118996483 -0.41301725394522 -0.901203650337476 0.131334414994591 0 0 0 0 0 0
-1356.37096574527 -835.825367287418 398.400073500001 -0.34383824018228 0.412489750048461 -0.843580150722688 -0.59695822403412 -0.789476130916988 -0.142717614436273 0 0 0 0 0 0
-1356.84037807048 -836.075967217784 398.347409720471 0.209296566961978 0.22603273809843 -0.951369617112959 -0.60692487009414 -0.732808602719013 -0.30762599669447 0 0 0 0 0 0
-1357.27932058658 -836.114890349882 398.117365421773 0.7510939262394 -0.447285955240198 -0.485585407741151 -0.63033847824498 -0.704546263630055 -0.326018351092006 0 0 0 0 0 0
-1353.0627913161 -829.920079659825 394.040947606915 0.287983215456406 -0.924309195050078 0.25043597896723 -0.0172155706737516 0.256475723595619 0.966397344435757 0 0 0 0 0 0
-1353.25189718881 -830.046287093867 394.531473698071 0.923984230908054 -0.377205514322411 0.0630011190219145 0.00131463760574722 0.167870614917797 0.985808160026625 0 0 0 0 0 0
-1353.21815869902 -830.225924803996 395.090073920896 0.962306908834584 -0.0101589794536798 -0.271776026068759 0.265993379963284 0.243429733879606 0.932732269453036 0 0 0 0 0 0
-1352.96851339737 -830.38073109827 395.528917600084 0.768046048078489 0.508703161702674 -0.389006891076143 0.30404619970829 0.244953605188584 0.920626764627267 0 0 0 0 0 0
-1352.54731311119 -830.562639323183 395.864571773115 0.235464698936624 0.915305056182641 -0.326761426244203 0.507284523428556 0.171032517354505 0.844636188129093 0 0 0 0 0 0
-1352.05585050913 -830.563224619686 395.981019229875 -0.410392016666609 0.898969534445567 0.153075696291232 0.412705034584227 0.0334087152864082 0.910251839971638 0 0 0 0 0 0
-1351.67457207857 -830.428653423533 396.275829352885 -0.864894608645922 0.395065056961725 0.309646438221146 0.338477043712371 0.00349190043806001 0.940968170296458 0 0 0 0 0 0
-1351.60792308073 -830.131050193684 396.804300148988 -0.990442012907766 -0.135658918509937 -0.0249254266947865 -0.0289058632651639 0.0274509568897794 0.999205132109882 0 0 0 0 0 0
-1351.79187320316 -829.881554417462 397.174189721031 -0.5536258642596 -0.832624118002788 0.0153453752933581 0.087821432363261 -0.0400498748334165 0.995330801062385 0 0 0 0 0 0
-1351.81307968671 -829.499599032093 397.555747149233 -0.0670232589826257 -0.997662118373405 0.0133484200584875 0.429087355286976 -0.016742913484166 0.903107809943469 0 0 0 0 0 0
-1352.01864577138 -829.462087953111 397.947553262406 0.640459941735146 -0.765844160200425 -0.0573915091237725 0.268124176550539 0.152947501081951 0.951165857178377 0 0 0 0 0 0
-1351.93089483667 -829.614272142797 398.482861477814 0.867830230330655 -0.192389677555372 -0.458101411583084 0.495878609759806 0.277423621550099 0.822885495429777 0 0 0 0 0 0
-1351.64471007831 -829.845604984492 398.77097628855 0.698324795589753 0.568034062138892 -0.435522426649316 0.465819045476905 0.101326858742266 0.879059431761256 0 0 0 0 0 0
-1351.23187265134 -829.811033297374 399.183992993329 -0.0841048994765747 0.875659382165568 -0.475549169181712 0.428300863817637 0.462674066359969 0.776202987865272 0 0 0 0 0 0
-1350.80143297855 -829.553135074826 399.411949324765 -0.522924534929525 0.762589485705594 -0.380798118509032 0.380762379970329 0.608683041830062 0.696078274756387 0 0 0 0 0 0
-1350.43527005722 -830.241621449003 399.64157578759 0.056821265463291 -0.398261570698794 0.915510275800172 0.785182044103494 -0.548554484569753 -0.28736237588779 0 0 0 0 0 0
-1349.97600526753 -830.309194753233 399.756842622698 -0.382822362601622 -0.794476050110843 0.471439120663945 0.879409622880985 -0.4697198591975 -0.0774723761077077 0 0 0 0 0 0
-1349.58130456973 -830.601030837854 399.833834436913 -0.595082043822734 -0.527521174902875 -0.606299242246623 0.803521965071992 -0.404769648734702 -0.436479075225859 0 0 0 0 0 0
-1348.49200168507 -829.939859047028 399.332514442726 0.411039478489422 0.910197717268072 -0.0508592430451087 -0.484136230426797 0.265224713557366 0.833827297290352 0 0 0 0 0 0
-1348.45515028023 -829.848533893683 399.839735492178 -0.482693334309108 0.729646995919354 -0.48437837106895 -0.538963268132694 0.188459664646277 0.820975974316623 0 0 0 0 0 0
-1348.71923078411 -829.734900542933 400.303227955067 -0.379877109761873 0.582038251153018 -0.718974864424123 -0.453253933393565 0.560426932062029 0.693168468471234 0 0 0 0 0 0
-1348.84330782921 -829.310077887096 400.577111270411 -0.667945888292077 -0.0449468799658569 -0.742851309681187 -0.639929214770542 0.544256927995024 0.542471194085551 0 0 0 0 0 0
-1347.96513680733 -828.841369046841 400.890444467602 0.350676942172605 0.605766761531943 0.714193470182684 0.900279171281312 -0.428094860959161 -0.0789443080745319 0 0 0 0 0 0
-1347.47365605759 -828.720158088129 400.761415203757 -0.0723384142977062 -0.089058223708127 0.993396087473091 0.902255581158513 -0.430347914310008 0.0271208207350994 0 0 0 0 0 0
-1346.94468135481 -828.782796896786 400.988989124737 -0.449767172415686 -0.396834950049615 0.80014468256455 0.851966678063083 -0.459512835362216 0.25099946933723 0 0 0 0 0 0
-1346.56648683936 -828.926796968836 401.343836956992 -0.619642178026105 -0.765039595370867 0.175379556179977 0.768809730656637 -0.54661507137056 0.331878836020425 0 0 0 0 0 0
-1346.36996158491 -829.164988465781 401.710973178394 -0.245037975775848 -0.801618607842402 -0.545310918640496 0.689974492133099 -0.539321443612236 0.482770733025192 0 0 0 0 0 0
-1355.24683483574 -835.451863318195 396.835167721271 -0.316172221007311 0.85749400148814 0.405880726414973 0.659206248076172 -0.109102430413836 0.744005229938029 0 0 0 0 0 0
-1356.52274595488 -835.874486757982 397.206580734159 -0.385021769039816 -0.121231901473365 0.914910412789459 0.326208388346046 0.909468456513699 0.257789088169547 0 0 0 0 0 0
-1356.71285234738 -835.365384017417 397.298173731292 0.193960865588971 -0.388016509501765 0.901011859507996 0.205235048663727 0.914179443389249 0.349506108794303 0 0 0 0 0 0
-1356.95895443432 -835.040579674939 397.73380761504 0.850563532901907 -0.252820953518828 0.461110878161905 0.307083557184336 0.950606650492131 -0.0452403022439989 0 0 0 0 0 0
-1356.84174797436 -834.514913241833 398.0166363842 0.89269751128067 -0.449637146408026 -0.0302917467860072 0.450073317390925 0.886108184418555 0.110662977003076 0 0 0 0 0 0
-1356.57242113583 -834.256500867027 398.414758605262 0.750277390242189 -0.229146511324508 -0.620141688680253 0.370738281003888 0.922474317520855 0.107676647945126 0 0 0 0 0 0
-1356.17282565791 -834.045634541614 398.660623181188 0.390907815686909 0.0011313890607952 -0.920429138822579 0.565099244585198 0.789048176138248 0.240968503132969 0 0 0 0 0 0
-1355.70145825355 -833.941040094913 398.75372739389 -0.164271410590668 0.441953437482146 -0.881868506502104 0.576714277954414 0.768326814324768 0.277623032173224 0 0 0 0 0 0
-1355.17829842732 -833.650751291632 398.696363174669 -0.678880723123802 0.458649496758193 -0.573377365174418 0.541961239460432 0.839863205815533 0.0301298927937119 0 0 0 0 0 0
-1354.77899665798 -833.300178034759 398.396765240158 -0.856638462810301 0.515848584820157 0.00841317853451657 0.515612866528699 0.855459297527115 0.0482986764254762 0 0 0 0 0 0
-1354.5503959503 -832.866690436022 398.225529237868 -0.934648109212602 0.277323120815729 0.222541678357838 0.273577408049444 0.960645142868093 -0.0481280717346034 0 0 0 0 0 0
-1354.70442264109 -832.481704707826 397.883339444124 -0.434281780595591 0.228183899499604 0.871396260636844 0.199842716888847 0.96768188276664 -0.15380072259813 0 0 0 0 0 0
-1354.89836297819 -831.989507416451 397.857988239184 0.243720412011124 -0.0191492956134451 0.969656467645445 0.228483337610959 0.972797410133816 -0.0382173163775729 0 0 0 0 0 0
-1354.90688132871 -831.453947891738 397.967438610803 0.540230095470967 -0.403104600195996 0.738686757190249 0.52618991221265 0.846846014525724 0.0773046180219498 0 0 0 0 0 0
-1354.80318847018 -831.104342066727 398.351411458876 0.850106834588766 -0.519890454273885 0.0838587225060764 0.526610088613155 0.83938860583775 -0.134568135011992 0 0 0 0 0 0
-1354.52836470211 -830.638985704765 398.507946728954 0.680981142577538 -0.625937521155949 -0.380088020151814 0.635750889261065 0.762920668605786 -0.117357829810679 0 0 0 0 0 0
-1354.13171631806 -830.434008306238 398.629262936915 0.33801413604716 -0.469470521835695 -0.815686136304645 0.679938565451577 0.721060823453845 -0.133247274237485 0 0 0 0 0 0
-1353.62609120261 -830.240279682405 398.595871631143 -0.29869663596552 -0.126638230967618 -0.945908599242168 0.537554080294712 0.796641476522556 -0.276401824600481 0 0 0 0 0 0
-1353.22098688193 -830.039093096533 398.360173727425 -0.768302553259036 0.138820356012655 -0.624852058820465 0.432488591719673 0.832241814563314 -0.346882083891166 0 0 0 0 0 0
-1353.11147790232 -829.857229094436 397.939594060719 -0.662366652814305 0.705994367867424 0.250683804381232 0.618531290958317 0.704135196920147 -0.348730076941557 0 0 0 0 0 0
-1352.90823301054 -829.265452984722 397.680551555881 -0.752793643195081 0.550028467322118 0.361621923976364 0.535808563522368 0.831132380974373 -0.148755331171548 0 0 0 0 0 0
-1352.94414817652 -829.713218628145 397.505631826691 -0.966657802435657 -0.25494385410319 -0.0240067541595842 0.185990033315062 -0.763450682934436 0.618506881315319 0 0 0 0 0 0
-1352.61069903204 -830.046041882918 396.866086530735 0.865458184377339 0.477764279959503 -0.150742906596077 -0.117767319671208 -0.098445675836303 -0.988149435726493 0 0 0 0 0 0
-1352.69410333862 -829.792983288886 396.459410585888 0.949210835540865 -0.309496802173927 -0.0566614431155153 -0.0380765426307242 0.0657677975492519 -0.997108205616022 0 0 0 0 0 0
-1352.4963336003 -829.486101572168 396.032987718932 0.306173983936982 -0.951325805014226 -0.0351668064258227 -0.095050513108091 0.00620703458308441 -0.995453099186288 0 0 0 0 0 0
-1352.22078537455 -829.467789072125 395.521309109677 -0.360449908656988 -0.89272126441614 0.270415619756742 -0.224242782367636 -0.198469385864795 -0.954109573073488 0 0 0 0 0 0
-1352.11269880902 -829.698639390148 395.077100968438 -0.594192678851296 -0.687688878046939 0.417155926974581 -0.0818773431212865 -0.4642325455791 -0.881920769858928 0 0 0 0 0 0
-1352.05490545477 -830.192301036785 394.85526596132 -0.991104241194224 -0.011121241699686 0.1326224003323 -0.125767357458921 -0.247676975794986 -0.960644933083417 0 0 0 0 0 0
-1352.1766967281 -830.560875818843 394.55327315072 -0.846863739259074 0.531799343086125 -0.00335645963751273 -0.197154195930545 -0.31980730876742 -0.926743496489679 0 0 0 0 0 0
-1352.48053508949 -830.879753748386 394.251161694747 -0.429807402877007 0.902758444893622 -0.0171110083099912 -0.367467622686412 -0.19220050741206 -0.909959620657838 0 0 0 0 0 0
