0 0 0.000000 
0 1 0.000000 
0 2 0.000000 
0 3 0.000000 
0 4 0.000000 
0 5 0.000000 
0 6 0.000000 
0 7 0.000000 
0 8 0.000000 
0 9 0.000000 
0 10 0.000000 
0 11 0.000000 
0 12 0.000000 
0 13 0.000000 
0 14 0.000000 
0 15 0.000000 
0 16 0.000000 
0 17 0.000000 
0 18 0.000000 
0 19 0.000000 
0 20 0.000000 
1 0 0.000000 
1 1 0.000000 
1 2 0.000000 
1 3 0.000000 
1 4 0.000000 
1 5 0.000000 
1 6 0.000000 
1 7 0.000000 
1 8 0.000000 
1 9 0.000000 
1 10 0.000000 
1 11 0.000000 
1 12 0.000000 
1 13 0.000000 
1 14 0.000000 
1 15 0.000000 
1 16 0.000000 
1 17 0.000000 
1 18 0.000000 
1 19 0.000000 
1 20 0.000000 
2 0 0.000000 
2 1 0.000000 
2 2 0.000000 
2 3 0.000000 
2 4 0.000000 
2 5 0.000000 
2 6 0.000000 
2 7 0.000000 
2 8 0.000000 
2 9 0.000000 
2 10 0.000000 
2 11 0.000000 
2 12 0.000000 
2 13 0.000000 
2 14 0.000000 
2 15 0.000000 
2 16 0.000000 
2 17 0.000000 
2 18 0.000000 
2 19 0.000000 
2 20 0.000000 
3 0 0.000000 
3 1 0.000000 
3 2 0.000000 
3 3 0.000000 
3 4 0.000000 
3 5 0.000000 
3 6 0.000000 
3 7 0.000000 
3 8 0.000000 
3 9 0.000000 
3 10 0.000000 
3 11 0.000000 
3 12 0.000000 
3 13 0.000000 
3 14 0.000000 
3 15 0.000000 
3 16 0.000000 
3 17 0.000000 
3 18 0.000000 
3 19 0.000000 
3 20 0.000000 
4 0 0.000000 
4 1 10.000000 
4 2 10.000000 
4 3 10.000000 
4 4 10.000000 
4 5 10.000000 
4 6 10.000000 
4 7 10.000000 
4 8 10.000000 
4 9 10.000000 
4 10 10.000000 
4 11 10.000000 
4 12 10.000000 
4 13 10.000000 
4 14 10.000000 
4 15 10.000000 
4 16 10.000000 
4 17 301629.474264 
4 18 80032.225670 
4 19 12971.498091 
4 20 9325.501044 
5 0 0.000000 
5 1 10.000000 
5 2 10.000000 
5 3 10.000000 
5 4 10.000000 
5 5 10.000000 
5 6 10.000000 
5 7 10.000000 
5 8 10.000000 
5 9 10.000000 
5 10 10.000000 
5 11 10.000000 
5 12 10.000000 
5 13 10.000000 
5 14 10.000000 
5 15 10.000000 
5 16 10.000000 
5 17 150994.200302 
5 18 12030.638304 
5 19 1947.412358 
5 20 1401.112493 
6 0 0.000000 
6 1 10.000000 
6 2 10.000000 
6 3 10.000000 
6 4 10.000000 
6 5 10.000000 
6 6 10.000000 
6 7 10.000000 
6 8 10.000000 
6 9 10.000000 
6 10 10.000000 
6 11 10.000000 
6 12 10.000000 
6 13 10.000000 
6 14 10.000000 
6 15 10.000000 
6 16 95616.716517 
6 17 10512.543480 
6 18 838.101842 
6 19 137.105132 
6 20 98.658385 
7 0 0.000000 
7 1 10.000000 
7 2 10.000000 
7 3 10.000000 
7 4 10.000000 
7 5 10.000000 
7 6 10.000000 
7 7 10.000000 
7 8 10.000000 
7 9 10.000000 
7 10 10.000000 
7 11 10.000000 
7 12 10.000000 
7 13 10.000000 
7 14 10.000000 
7 15 150132.984572 
7 16 10898.469715 
7 17 1233.342562 
7 18 99.838034 
7 19 16.894996 
7 20 12.354064 
8 0 0.000000 
8 1 10.000000 
8 2 10.000000 
8 3 10.000000 
8 4 10.000000 
8 5 10.000000 
8 6 10.000000 
8 7 10.000000 
8 8 10.000000 
8 9 10.000000 
8 10 10.000000 
8 11 10.000000 
8 12 10.000000 
8 13 10.000000 
8 14 10.000000 
8 15 10.000000 
8 16 2295.230204 
8 17 277.731222 
8 18 23.756914 
8 19 4.426564 
8 20 3.382597 
9 0 0.000000 
9 1 10.000000 
9 2 10.000000 
9 3 10.000000 
9 4 10.000000 
9 5 10.000000 
9 6 10.000000 
9 7 10.000000 
9 8 10.000000 
9 9 10.000000 
9 10 10.000000 
9 11 10.000000 
9 12 10.000000 
9 13 10.000000 
9 14 7432.651574 
9 15 11638.530220 
9 16 891.304076 
9 17 116.343421 
9 18 10.769738 
9 19 2.357541 
9 20 1.956217 
10 0 0.000000 
10 1 10.000000 
10 2 10.000000 
10 3 10.000000 
10 4 10.000000 
10 5 10.000000 
10 6 10.000000 
10 7 10.000000 
10 8 10.000000 
10 9 10.000000 
10 10 10.000000 
10 11 10.000000 
10 12 10.000000 
10 13 10.000000 
10 14 141998.524137 
10 15 10838.338432 
10 16 842.989756 
10 17 116.743989 
10 18 11.766460 
10 19 3.118587 
10 20 2.862246 
11 0 0.000000 
11 1 10.000000 
11 2 10.000000 
11 3 10.000000 
11 4 10.000000 
11 5 10.000000 
11 6 10.000000 
11 7 10.000000 
11 8 10.000000 
11 9 10.000000 
11 10 10.000000 
11 11 10.000000 
11 12 10.000000 
11 13 239966.252703 
11 14 111874.298710 
11 15 105806.435547 
11 16 136854.677159 
11 17 114355.140235 
11 18 301629.474264 
11 19 10.000000 
11 20 10.000000 
12 0 0.000000 
12 1 10.000000 
12 2 10.000000 
12 3 10.000000 
12 4 10.000000 
12 5 10.000000 
12 6 10.000000 
12 7 10.000000 
12 8 10.000000 
12 9 100.000000 
12 10 100.000000 
12 11 38283.651877 
12 12 53593.629347 
12 13 34527.731881 
12 14 20554.970663 
12 15 26622.453253 
12 16 301629.474264 
12 17 301629.474264 
12 18 10.000000 
12 19 10.000000 
12 20 10.000000 
13 0 0.000000 
13 1 10.000000 
13 2 10.000000 
13 3 10.000000 
13 4 10.000000 
13 5 10.000000 
13 6 10.000000 
13 7 10.000000 
13 8 10.000000 
13 9 10.000000 
13 10 34718.937323 
13 11 12797.274840 
13 12 9777.015146 
13 13 11573.100500 
13 14 10137.207098 
13 15 17971.330586 
13 16 301629.474264 
13 17 10.000000 
13 18 10.000000 
13 19 10.000000 
13 20 10.000000 
14 0 0.000000 
14 1 10.000000 
14 2 10.000000 
14 3 10.000000 
14 4 10.000000 
14 5 10.000000 
14 6 10.000000 
14 7 10.000000 
14 8 10.000000 
14 9 20462.955306 
14 10 5082.057567 
14 11 2441.419050 
14 12 2282.654361 
14 13 6940.131768 
14 14 15295.268604 
14 15 301629.474264 
14 16 10.000000 
14 17 10.000000 
14 18 10.000000 
14 19 10.000000 
14 20 10.000000 
15 0 0.000000 
15 1 10.000000 
15 2 10.000000 
15 3 10.000000 
15 4 10.000000 
15 5 10.000000 
15 6 10.000000 
15 7 10.000000 
15 8 184390.849315 
15 9 4415.603825 
15 10 1424.804901 
15 11 803.873149 
15 12 893.269218 
15 13 15654.391674 
15 14 301629.474264 
15 15 10.000000 
15 16 10.000000 
15 17 10.000000 
15 18 10.000000 
15 19 10.000000 
15 20 10.000000 
16 0 0.000000 
16 1 10.000000 
16 2 10.000000 
16 3 10.000000 
16 4 10.000000 
16 5 10.000000 
16 6 10.000000 
16 7 301629.474264 
16 8 6837.388390 
16 9 1195.177039 
16 10 550.070876 
16 11 504.224115 
16 12 864.089266 
16 13 301629.474264 
16 14 10.000000 
16 15 10.000000 
16 16 10.000000 
16 17 10.000000 
16 18 10.000000 
16 19 10.000000 
16 20 10.000000 
17 0 0.000000 
17 1 10.000000 
17 2 10.000000 
17 3 10.000000 
17 4 10.000000 
17 5 100.000000 
17 6 54829.050916 
17 7 3439.504002 
17 8 957.142176 
17 9 373.718572 
17 10 345.513707 
17 11 1163.396153 
17 12 72591.181653 
17 13 10.000000 
17 14 10.000000 
17 15 10.000000 
17 16 10.000000 
17 17 10.000000 
17 18 10.000000 
17 19 10.000000 
17 20 10.000000 
18 0 0.000000 
18 1 10.000000 
18 2 10.000000 
18 3 10.000000 
18 4 10.000000 
18 5 6759.331124 
18 6 1161.760666 
18 7 384.033730 
18 8 166.571520 
18 9 146.001591 
18 10 476.341940 
18 11 180314.192430 
18 12 10.000000 
18 13 10.000000 
18 14 10.000000 
18 15 10.000000 
18 16 10.000000 
18 17 10.000000 
18 18 10.000000 
18 19 10.000000 
18 20 10.000000 
19 0 0.000000 
19 1 10.000000 
19 2 100.000000 
19 3 100.000000 
19 4 4538.277815 
19 5 457.998408 
19 6 121.935016 
19 7 64.768044 
19 8 56.378700 
19 9 125.585400 
19 10 61862.104433 
19 11 10.000000 
19 12 10.000000 
19 13 10.000000 
19 14 10.000000 
19 15 10.000000 
19 16 10.000000 
19 17 10.000000 
19 18 10.000000 
19 19 10.000000 
19 20 10.000000 
20 0 0.000000 
20 1 100.000000 
20 2 100.000000 
20 3 1011.560492 
20 4 675.240376 
20 5 80.714718 
20 6 25.663570 
20 7 22.811929 
20 8 55.356372 
20 9 11874.931739 
20 10 10.000000 
20 11 10.000000 
20 12 10.000000 
20 13 10.000000 
20 14 10.000000 
20 15 10.000000 
20 16 10.000000 
20 17 10.000000 
20 18 10.000000 
20 19 10.000000 
20 20 10.000000 
21 0 0.000000 
21 1 100.000000 
21 2 139.539290 
21 3 81.980732 
21 4 89.077310 
21 5 28.667994 
21 6 13.251692 
21 7 21.433658 
21 8 6487.786598 
21 9 10.000000 
21 10 10.000000 
21 11 10.000000 
21 12 10.000000 
21 13 10.000000 
21 14 10.000000 
21 15 10.000000 
21 16 10.000000 
21 17 10.000000 
21 18 10.000000 
21 19 10.000000 
21 20 10.000000 
22 0 0.000000 
22 1 55.520261 
22 2 11.730042 
22 3 6.951296 
22 4 11.996950 
22 5 19.591218 
22 6 22.909411 
22 7 3121.067836 
22 8 10.000000 
22 9 10.000000 
22 10 10.000000 
22 11 10.000000 
22 12 10.000000 
22 13 10.000000 
22 14 10.000000 
22 15 10.000000 
22 16 10.000000 
22 17 10.000000 
22 18 10.000000 
22 19 10.000000 
22 20 10.000000 
23 0 0.000000 
23 1 8.924876 
23 2 1.624142 
23 3 1.000000 
23 4 3.124813 
23 5 27.147979 
23 6 11934.052162 
23 7 10.000000 
23 8 10.000000 
23 9 10.000000 
23 10 10.000000 
23 11 10.000000 
23 12 10.000000 
23 13 10.000000 
23 14 10.000000 
23 15 10.000000 
23 16 10.000000 
23 17 10.000000 
23 18 10.000000 
23 19 10.000000 
23 20 10.000000 
24 0 0.000000 
24 1 0.000000 
24 2 0.000000 
24 3 0.000000 
24 4 0.000000 
24 5 0.000000 
24 6 0.000000 
24 7 0.000000 
24 8 0.000000 
24 9 0.000000 
24 10 0.000000 
24 11 0.000000 
24 12 0.000000 
24 13 0.000000 
24 14 0.000000 
24 15 0.000000 
24 16 0.000000 
24 17 0.000000 
24 18 0.000000 
24 19 0.000000 
24 20 0.000000 
25 0 0.000000 
25 1 0.000000 
25 2 0.000000 
25 3 0.000000 
25 4 0.000000 
25 5 0.000000 
25 6 0.000000 
25 7 0.000000 
25 8 0.000000 
25 9 0.000000 
25 10 0.000000 
25 11 0.000000 
25 12 0.000000 
25 13 0.000000 
25 14 0.000000 
25 15 0.000000 
25 16 0.000000 
25 17 0.000000 
25 18 0.000000 
25 19 0.000000 
25 20 0.000000 
26 0 0.000000 
26 1 0.000000 
26 2 0.000000 
26 3 0.000000 
26 4 0.000000 
26 5 0.000000 
26 6 0.000000 
26 7 0.000000 
26 8 0.000000 
26 9 0.000000 
26 10 0.000000 
26 11 0.000000 
26 12 0.000000 
26 13 0.000000 
26 14 0.000000 
26 15 0.000000 
26 16 0.000000 
26 17 0.000000 
26 18 0.000000 
26 19 0.000000 
26 20 0.000000 
27 0 0.000000 
27 1 0.000000 
27 2 0.000000 
27 3 0.000000 
27 4 0.000000 
27 5 0.000000 
27 6 0.000000 
27 7 0.000000 
27 8 0.000000 
27 9 0.000000 
27 10 0.000000 
27 11 0.000000 
27 12 0.000000 
27 13 0.000000 
27 14 0.000000 
27 15 0.000000 
27 16 0.000000 
27 17 0.000000 
27 18 0.000000 
27 19 0.000000 
27 20 0.000000 
