t = 306000000
b = 25 25 25
E = -1.29562489564841 -1.29562489564841 0
-423.160013898342 300.83928374195 -17.9420685823413 0.261699537255763 0.610054686744873 -0.747894799674876 -0.80116753918894 0.569410585373167 0.184125390467791 0 0 0 0 0 0
-423.38293332582 301.287938515885 -17.7531259678955 -0.100688314356038 0.0111431758701047 -0.994855614138899 -0.810361058793489 0.579208168121565 0.0885034031684052 0 0 0 0 0 0
-423.989874388098 301.504867595469 -17.3961308092998 0.278113333154403 -0.196392592318378 -0.940256839169071 -0.419605219296717 -0.905376816009588 0.0649944687746161 0 0 0 0 0 0
-424.322415917834 301.25473690378 -17.6499411009558 0.844167010592247 -0.454139216659463 -0.284850188905821 -0.48619328269277 -0.872422811795885 -0.0499452632649148 0 0 0 0 0 0
-424.512515678983 300.90329384014 -17.9382791020064 0.736669557055397 -0.448895956585654 0.505777010024027 -0.474994769394595 -0.875825829950077 -0.0854931847579669 0 0 0 0 0 0
-424.45625287574 300.459632296134 -18.1387512920642 -0.0779133889324474 -0.269410957794635 0.959868344954259 -0.344274327555031 -0.896296631219713 -0.279513034133907 0 0 0 0 0 0
-424.38086678215 299.989428880877 -18.0936398484528 -0.826180018006068 0.0873893063579585 0.556587537573162 -0.24280829220644 -0.94667490434334 -0.211779977151554 0 0 0 0 0 0
-424.360776870261 299.635868770831 -17.7238842156417 -0.955981928588282 -0.17985010588344 -0.231845835904684 0.140559098896082 -0.974268032108903 0.176195747190889 0 0 0 0 0 0
-424.450189393383 299.203380732544 -17.5234916368796 -0.537394571542651 -0.0397057000713021 -0.842395709781532 0.02898041887282 -0.999170528772326 0.0286075122088251 0 0 0 0 0 0
-423.086782957416 298.627332208702 -16.9342764566715 0.242986997098594 -0.966163641204712 -0.0865166900376242 0.944228787148115 0.256015095371345 -0.207094829637918 0 0 0 0 0 0
-422.615788096833 298.499743386392 -16.7252873902847 0.00118614945246837 -0.559053311762804 -0.829130862805474 0.913255882034191 0.338381295908235 -0.226851917579334 0 0 0 0 0 0
-422.221154397833 298.369936253192 -16.7225853623594 -0.0675702476561876 0.432704339822823 -0.899000120094643 0.978478560722604 0.204823458210405 0.0250411096591179 0 0 0 0 0 0
-421.858220944953 298.139749137056 -16.9621207772625 -0.0662128339516952 0.920794167308922 -0.384387775651004 0.99681891939542 0.0781689941636393 0.0155451049147681 0 0 0 0 0 0
-421.423346411314 298.147621921067 -17.2548601724067 -0.183820386535806 0.799642326617656 0.571648681425348 0.97809502797095 0.0910108585384185 0.18720881359232 0 0 0 0 0 0
-421.002250361319 298.479693977565 -17.2444837732123 -0.256341951534972 0.0809617933841691 0.96318948909094 0.965565784550572 0.0672239715842517 0.251323801796989 0 0 0 0 0 0
-420.65990882342 298.774113651934 -16.9945941705303 -0.155420932929503 -0.652856253019686 0.741365663151755 0.960241298704217 0.0763387905777269 0.268531259476384 0 0 0 0 0 0
-420.287124171608 299.039504954867 -16.5985255550203 -0.0700351457337181 -0.95730537876942 0.280466557972978 0.941595398661704 0.029395826286575 0.335460863016852 0 0 0 0 0 0
-419.942389388577 298.974029611983 -16.1767431498353 -0.0275322935363754 -0.959180916827242 -0.281449714171227 0.866552257832079 -0.163261869901165 0.471627762417035 0 0 0 0 0 0
-419.647390583494 298.704907738504 -15.7768609316003 0.264304363056649 -0.509324229153429 -0.818982315600581 0.920327000735305 -0.120686929862388 0.372065688659915 0 0 0 0 0 0
-419.258606050501 298.445007573917 -15.5661328328704 0.244820591571655 -0.0146126319652477 -0.969458276012719 0.960066536587507 -0.135987782873094 0.244498605791768 0 0 0 0 0 0
-418.797011570809 298.082748620632 -15.6748226511195 0.178342424703275 0.745394122118211 -0.64232513749858 0.96355067025931 -4.49959963206875e-06 0.267525897480188 0 0 0 0 0 0
-413.934703869082 290.547152527843 -14.6279096273398 0.136284461317618 0.401926194453564 0.905473290503594 -0.80041596972449 0.583244200091931 -0.138421380101048 0 0 0 0 0 0
-414.364629398192 290.619236962956 -14.4331591336295 0.42293485121731 0.870375067605672 0.252137568236414 -0.889062507263592 0.452364453620717 -0.0702442828889567 0 0 0 0 0 0
-414.784719541621 290.917505000519 -14.1919695201017 0.632892636143726 0.693300484919781 -0.344646701311729 -0.739536264988924 0.673104750658803 -0.00401340338934989 0 0 0 0 0 0
-415.012583290114 291.34374749727 -13.9729261383997 0.469283327201642 0.22716399485106 -0.853328587505331 -0.64389386432898 0.749326931499922 -0.154628073804213 0 0 0 0 0 0
-415.005381006927 291.891618035997 -13.899307090645 -0.100999447005894 -0.127932910237301 -0.986626718765884 -0.699098790088813 0.714713431119292 -0.0211090756323419 0 0 0 0 0 0
-415.289950421057 292.409224388741 -14.0611587752188 -0.242597056801645 -0.674681672491216 -0.697102079207651 -0.766897509988449 0.573455930993313 -0.288125848167261 0 0 0 0 0 0
-415.365992694701 292.764326076183 -14.4745937025063 -0.592692380513629 -0.726375076330997 -0.347987055170486 -0.675622417061961 0.683575951952731 -0.27614899506477 0 0 0 0 0 0
-415.530666305478 292.967628539073 -14.8822687570167 -0.787653173653251 -0.52955710805368 0.314915460629959 -0.616093797460667 0.681576406110291 -0.3948189906328 0 0 0 0 0 0
-415.820483983139 293.06511088092 -15.3739255048501 -0.701130913729495 -0.352603583613984 0.619746847217026 -0.645545806603305 0.683004772003613 -0.341723708567606 0 0 0 0 0 0
-416.267115767513 293.089456224661 -15.626072666143 -0.282695848029279 0.193610217637102 0.939466945205383 -0.651977327338634 0.679606899170943 -0.336243999553339 0 0 0 0 0 0
-416.737342820492 293.164856924769 -15.6756141835767 0.0656450241413971 0.560544438501406 0.825518420915376 -0.791969891753911 0.532543921847779 -0.29863131426272 0 0 0 0 0 0
-417.211821305157 293.314606767998 -15.5704795620142 0.323279568071417 0.748593291920311 0.578876847144086 -0.907626710721879 0.418384810749547 -0.0341746121887812 0 0 0 0 0 0
-417.672194900197 293.526999378001 -15.3781963596775 0.656914563430684 0.752411428581248 0.0483766316829853 -0.753891527869435 0.656392911165521 0.0282118836369115 0 0 0 0 0 0
-417.920853061422 293.889798150006 -15.0288985014725 0.539155474446678 0.610068274221348 -0.580627311760955 -0.720680724907399 0.690938996143831 0.0567679165964542 0 0 0 0 0 0
-418.107172546082 294.399757519299 -14.8798549802182 0.271399750958961 0.189219087020111 -0.943683375018703 -0.733478999563556 0.675506048507757 -0.0754992425701716 0 0 0 0 0 0
-418.215795950539 294.921675475633 -14.8961085840092 -0.161062810397445 -0.338203132983076 -0.927187905414715 -0.78315371176491 0.615502552073387 -0.088469611392912 0 0 0 0 0 0
-418.322033563783 295.284262341295 -15.2134741304589 -0.720351932212346 -0.653805840352536 -0.231583714623543 -0.655301736550603 0.750936622447771 -0.0816934706111687 0 0 0 0 0 0
-418.758191586186 295.573671551795 -15.2731141589074 -0.444457397211521 -0.805721714317394 -0.391497306684716 -0.754574351835037 0.572274914746843 -0.321121424860136 0 0 0 0 0 0
-419.02206546902 295.764412095571 -15.69635580774 -0.529456814823581 -0.764600677488512 0.367506850576931 -0.848262956602698 0.482873789866512 -0.217446222123116 0 0 0 0 0 0
-419.511486357478 295.773967033997 -15.9643915681515 -0.226865842911252 -0.519170495788574 0.82401085285499 -0.916500080213788 0.400034399256948 -0.00028701785953687 0 0 0 0 0 0
-420.072380099715 295.649025340693 -15.9758374729702 0.230269815771538 0.00849481107647779 0.973089744129139 -0.910891346125522 0.353746148702877 0.212463215243297 0 0 0 0 0 0
-420.509101207609 295.472825891022 -15.7141160741324 0.37612237515278 0.610591924134093 0.696928591099302 -0.921491700413157 0.325140022069012 0.21245472957466 0 0 0 0 0 0
-420.930436003942 295.425769327156 -15.2990340527461 0.391171584097701 0.908516061001781 0.146912758793461 -0.905945928253756 0.352024120340638 0.235246665818743 0 0 0 0 0 0
-421.213146009302 295.679592565985 -14.86363562075 0.238655481325885 0.821433544989165 -0.517967655746613 -0.83255981897735 0.447636126833882 0.326291351061537 0 0 0 0 0 0
-421.342638609412 295.986080197745 -14.4582076379933 -0.141118756438744 0.310101312592103 -0.940171618647282 -0.776808711434787 0.554042735736954 0.299340730299357 0 0 0 0 0 0
-421.44360797843 296.364787694441 -14.3242977103542 -0.658867122888181 -0.527023078502996 -0.536787471074238 -0.750829685499567 0.504688343442915 0.426080343791479 0 0 0 0 0 0
-421.913291740799 297.093321466937 -13.7928728719643 0.082104173345623 0.915379086591675 -0.394131998891026 0.75709390443958 -0.314467662904185 -0.572642042508229 0 0 0 0 0 0
-418.720424100664 298.693271040853 -16.6505178533918 0.0867038704464398 -0.713121753528847 0.6956578206946 -0.994751607362502 -0.0238908682126879 0.0994910351023849 0 0 0 0 0 0
-419.138331518858 298.463845646215 -16.799581962484 0.0425200731387013 -0.0720349655777374 0.996495362314594 -0.997854880621731 -0.052753595550652 0.0387646149968376 0 0 0 0 0 0
-419.440600752376 298.070781989866 -16.7246441739684 -0.141837187638149 0.594405012999576 0.791558521351316 -0.988025781873922 -0.134061936439079 -0.0763704887415889 0 0 0 0 0 0
-419.949934481622 297.832787757775 -16.5603338687144 -0.00984059865339174 0.923343955827001 0.383847758695913 -0.981218301717965 0.0650387522536681 -0.18160563063687 0 0 0 0 0 0
-420.369742906156 297.905977233245 -16.2233172746311 0.0154732931916685 0.948635624983 -0.31599213314725 -0.996020142560087 -0.0131192557215894 -0.0881575903929551 0 0 0 0 0 0
-420.854331788312 297.965929357599 -16.0851490474578 0.185046245140471 0.565956096819221 -0.803400014707834 -0.982123839026743 0.0777978990812787 -0.171406685149409 0 0 0 0 0 0
-420.866773845225 296.661315917907 -15.4277224342571 -0.274396357091441 -0.790951729938617 0.546902185150178 0.870104642284689 -0.446363289570846 -0.208992165398837 0 0 0 0 0 0
-420.450609337003 296.518508572057 -15.1770621080895 -0.422733859322341 -0.903129674516098 -0.0751856049444786 0.905170821372331 -0.416718269615156 -0.083735702690596 0 0 0 0 0 0
-420.050548453258 296.162656868254 -14.8933214872678 -0.393694923311661 -0.633601065079666 -0.665998496761477 0.862560472109765 -0.505101473915952 -0.0293586955039003 0 0 0 0 0 0
-419.754276467433 295.722865369382 -14.7896029344806 -0.320573074065552 -0.0372394971708615 -0.946491481226649 0.775415640975346 -0.584209709677222 -0.239644734658691 0 0 0 0 0 0
-419.686838436409 295.224470836781 -14.9363578622841 0.100467429617688 0.437115664712641 -0.893776365344737 0.675698077072879 -0.689357119481017 -0.261187424009774 0 0 0 0 0 0
-419.622393517969 294.884141228786 -15.3207043598166 0.624641561499401 0.677963852814398 -0.38754088032702 0.64454185832854 -0.727782411843719 -0.234304404297782 0 0 0 0 0 0
-419.267851971714 294.571883778127 -15.6238042077657 0.443775200738701 0.89529266164273 -0.0389181348215066 0.870187328068655 -0.440893166208611 -0.219970975492817 0 0 0 0 0 0
-418.947603866975 294.64465401254 -15.9954804361476 0.419622886066614 0.421402918951713 0.803950379929066 0.852496549699232 -0.487125319443431 -0.18962741338754 0 0 0 0 0 0
-418.34065209599 294.558760507751 -16.0658754492313 0.0894672854657721 0.268851709785148 0.959017394512201 0.929507667098415 -0.368430284229567 0.0165717370172538 0 0 0 0 0 0
-417.866452570491 294.584181796481 -16.0285888845935 -0.221634932607693 -0.135570393053781 0.965659683933869 0.920250825896841 -0.356608651302373 0.161148029005878 0 0 0 0 0 0
-417.275322517094 294.607316867997 -15.7931257032354 -0.517806683043231 -0.562493267095161 0.644575490899537 0.839085548687481 -0.480804202740391 0.254485285647339 0 0 0 0 0 0
-416.950795226658 294.457932953056 -15.3681177163841 -0.591874170446592 -0.800956520445178 0.0902973904081117 0.792695343083953 -0.558124551049755 0.245216391312907 0 0 0 0 0 0
-416.662802739013 294.212475612482 -15.0147500400888 -0.567743005943887 -0.768622878414331 -0.294765584795616 0.684587182169425 -0.639693240721971 0.349475246310768 0 0 0 0 0 0
-416.580900863214 293.779710270296 -14.6672338236562 -0.318336119417587 -0.542104884141587 -0.777678860239868 0.503155664382517 -0.791887508644852 0.346047035895459 0 0 0 0 0 0
-416.533937989752 293.287182056802 -14.4864863879037 0.0671028225620875 -0.181397670121688 -0.981117779106368 0.496602679028128 -0.846808160155185 0.190530100185449 0 0 0 0 0 0
-416.597281390815 292.762630255974 -14.4515263959227 0.55957008261037 0.203047261360481 -0.803525439735076 0.456806526359336 -0.88452141934695 0.0946026225427583 0 0 0 0 0 0
-416.422524237148 292.238009791155 -14.6378593698436 0.756347619695998 0.633254425643102 -0.164094821928134 0.65409700377246 -0.735828714628613 0.175251854152531 0 0 0 0 0 0
-416.061556318987 291.888064139744 -14.855587540347 0.592345033998157 0.722086817540114 0.357376536208656 0.759952334388935 -0.648066320105769 0.0498246344833109 0 0 0 0 0 0
-415.509138873204 291.662030109108 -14.9157018154323 0.119593870091025 0.685153198603471 0.718514022605038 0.910140748322742 -0.364802254885469 0.196374980771451 0 0 0 0 0 0
-414.967494647534 291.633192675184 -15.0283683268149 -0.0982859740034466 0.414077717157473 0.904919616025556 0.968625547526949 -0.168769680724972 0.182431750378399 0 0 0 0 0 0
-414.467970260982 291.712792905697 -14.9778856738017 -0.396691079698253 -0.324073460975462 0.85884374549694 0.875627039395518 -0.414413836485437 0.248069466095453 0 0 0 0 0 0
-414.086357349311 291.808564593794 -14.5310758638028 -0.522682999065653 -0.802762881417872 0.287009126519393 0.852308975705899 -0.484431376549652 0.197219804647876 0 0 0 0 0 0
-413.833957133638 291.592095940942 -14.1174203554886 -0.385114207134411 -0.77272714045937 -0.504559029114247 0.861457352104597 -0.497109532201361 0.103794718071176 0 0 0 0 0 0
-413.718698946838 292.882148374371 -14.3203791445808 -0.401917387834142 0.84547845617952 -0.351608579947795 0.628567269435584 0.533972725117741 0.565487680347377 0 0 0 0 0 0
