t = 0
b = 25 25 25
E = 0 0 0
4.570816993713379 0.2347564697265625 -1.9105720520019531 0.09088588492980369 -0.9958537120818428 -0.003891022145997892 -0.8394060696408125 -0.07870900952067686 0.5377753639489612 0 0 0 0 0 0
4.118559837341309 -0.069671630859375 -1.9302940368652344 0.40246558121375053 -0.561581655044321 0.7229436358776246 -0.8815688313971058 -0.024944531979329377 0.47139597562290814 0 0 0 0 0 0
3.734705686569214 -0.44689178466796875 -1.7794570922851562 0.602253862350626 0.057105922752696686 0.7962595047283996 -0.7676281676761468 -0.23241995968902582 0.597267074706377 0 0 0 0 0 0
3.55859637260437 -0.79315185546875 -1.4580459594726562 0.25772389124291817 0.6953318868606114 0.6708889349195368 -0.9112464403551531 -0.05594757625638092 0.4080438624107694 0 0 0 0 0 0
3.3126914501190186 -0.9241409301757812 -1.0070648193359375 0.14578461108900692 0.9571534823103451 0.2502080303883286 -0.750243840350014 -0.05789907905061742 0.6586211936021746 0 0 0 0 0 0
3.2362048625946045 -0.9543380737304688 -0.50958251953125 -0.23583296364699946 0.9178307285905019 -0.31932674005241335 -0.7517590135084549 0.03592588296385154 0.6584585913647588 0 0 0 0 0 0
2.982895612716675 -0.6820907592773438 -0.13736724853515625 -0.5179894617991943 0.3725442388976107 -0.769998511381146 -0.8030501725358054 0.09824482431453166 0.5877570713191125 0 0 0 0 0 0
2.626782178878784 -0.36211395263671875 0.165863037109375 -0.3805710397188331 -0.10728773108898092 -0.9185069550553795 -0.923723595150479 -0.002718595013163635 0.38305003459525827 0 0 0 0 0 0
2.161198377609253 -0.1529388427734375 0.3328399658203125 -0.2379699135488063 -0.6105793189215235 -0.7553563500434097 -0.9580288890524058 0.01956803659845087 0.28600304139063776 0 0 0 0 0 0
1.6146609783172607 -0.0325775146484375 0.2841529846191406 0.050974119149764824 -0.878204440790504 -0.475561351828283 -0.9986888366097535 -0.047072371159376805 -0.020119629829879256 0 0 0 0 0 0
1.1916358470916748 0.09557342529296875 0.017024993896484375 0.09452469602597598 -0.9954585856017123 -0.011282118286710344 -0.9702660001527719 -0.08958412671530343 -0.22485233640813718 0 0 0 0 0 0
0.7455871105194092 -0.07958984375 -0.30804443359375 0.12882699586421745 -0.7409280795560411 0.6591124229310182 -0.9610256071326169 -0.2572249745915858 -0.10131680453776462 0 0 0 0 0 0
0.28514936566352844 -0.410980224609375 -0.4425392150878906 0.11310138898204156 -0.25184716726993156 0.9611353079293489 -0.8943132515808873 -0.44728143709139934 -0.011963447675042581 0 0 0 0 0 0
-0.042699068784713745 -0.8863754272460938 -0.31427764892578125 0.14627544531920655 0.5108482529644425 0.8471349104716703 -0.8732833781110835 -0.33561954112735265 0.3531793667930785 0 0 0 0 0 0
-0.3193638026714325 -1.1720123291015625 -0.05463409423828125 0.0715012479550634 0.8041708879710258 0.5900819896258149 -0.7785717596110502 -0.3247910249273786 0.5369700226854162 0 0 0 0 0 0
-0.35254785418510437 -1.2785263061523438 0.498504638671875 -0.41879877908424684 0.90752991210506 -0.0315759603516094 -0.7686534721471068 -0.33576792096208175 0.5444554554864871 0 0 0 0 0 0
-0.635728120803833 -1.2053604125976562 1.0049896240234375 -0.5296509084885749 0.728097740436079 -0.4351362953249283 -0.7074413104535262 -0.09616092469002309 0.7001998777681682 0 0 0 0 0 0
-0.9196274280548096 -0.9340744018554688 1.3964767456054688 -0.5158611915539002 0.2496717813148175 -0.8194822955156972 -0.8241812934922615 0.11630676677679584 0.5542543923681171 0 0 0 0 0 0
-1.290229082107544 -0.6293258666992188 1.5684661865234375 -0.44689612440831206 -0.37317240208912095 -0.8130351851598218 -0.8927448727560805 0.12776064271775567 0.4320692193851305 0 0 0 0 0 0
-1.703568696975708 -0.38233184814453125 1.6178359985351562 -0.27505786862452997 -0.8670969950447095 -0.4153143027782281 -0.9399796559969255 0.1518014350509828 0.30560525294628726 0 0 0 0 0 0
-2.21606183052063 -0.264007568359375 1.4976387023925781 -0.10155116560044408 -0.9681048997289271 0.22904205702454483 -0.8672799584342329 0.19894008887380957 0.45634232187821033 0 0 0 0 0 0
7.893889427185059 0.6470870971679688 -3.583667755126953 0.2093652202780695 -0.79197054468636 0.5735406357766689 -0.9716749138362457 -0.10275350899104711 0.21281348221236285 0 0 0 0 0 0
7.4489641189575195 0.3557586669921875 -3.6099891662597656 0.33024688443644024 -0.26779094155116356 0.9051104943282703 -0.9254058783566399 -0.2807218691881514 0.2545961359928435 0 0 0 0 0 0
7.140358924865723 -0.0536346435546875 -3.482513427734375 0.3356742391445091 0.2512931473793345 0.9078406023388375 -0.8440899375284023 -0.3475585877386434 0.4083077337651318 0 0 0 0 0 0
7.032502174377441 -0.48602294921875 -3.1640472412109375 -0.024213895782952702 0.736621232877222 0.6758719157691445 -0.834984316850061 -0.3866742096006933 0.3915153205739417 0 0 0 0 0 0
6.777113914489746 -0.6736221313476562 -2.737823486328125 -0.23348011173019523 0.9687297928816996 0.08396204981915852 -0.8424035257310821 -0.24464553995565236 0.4801092163410837 0 0 0 0 0 0
6.415793418884277 -0.7569503784179688 -2.3191757202148438 -0.1807396628933434 0.9731827585275497 -0.14229719871420307 -0.7495771989566101 -0.04262809990680758 0.6605428584904222 0 0 0 0 0 0
6.216662406921387 -0.5442047119140625 -1.7824935913085938 -0.4925209485416417 0.5758674197008102 -0.652533393915417 -0.739770175438803 0.11793397222765821 0.6624437075901987 0 0 0 0 0 0
5.953242301940918 -0.304443359375 -1.4695281982421875 -0.6092370849022266 0.056895887803997645 -0.7909443926919465 -0.759356418568141 0.2455381677946969 0.6025685336419331 0 0 0 0 0 0
5.558577537536621 0.045013427734375 -1.3098411560058594 -0.505255882222383 -0.4448311696938625 -0.7394874738279691 -0.8628283527527145 0.24489728136177852 0.4422132463728867 0 0 0 0 0 0
5.192343711853027 0.35193634033203125 -1.3574447631835938 -0.47241050132969703 -0.8656750416711099 -0.16563526333829634 -0.8456981613399348 0.3922802215019193 0.3618160412760316 0 0 0 0 0 0
5.213706016540527 1.1775894165039062 -1.7250442504882812 -0.6674010060977305 0.6107145498626284 -0.4261497807647264 0.6469162653073073 0.19199866604579865 -0.7379944836633128 0 0 0 0 0 0
5.2474164962768555 1.2231597900390625 -2.2070388793945312 -0.2786286854629 0.9596579795923775 0.03771760652390839 0.572649047972102 0.19753529465163558 -0.7956461997794855 0 0 0 0 0 0
5.255312919616699 1.2912216186523438 -2.6697540283203125 0.17127469188327077 0.9353994754129419 0.30934253072845314 0.48160044056277695 0.1944234247378254 -0.8545528348574793 0 0 0 0 0 0
5.387381553649902 1.628082275390625 -3.0326995849609375 0.6976485745048076 0.30702698035784715 0.6473182369003303 0.6195080467095875 0.19529940563011705 -0.7603077812455918 0 0 0 0 0 0
5.6591291427612305 1.890289306640625 -3.2849578857421875 0.6547846752502813 -0.5190441342446683 0.549408969496846 0.6713912389944597 0.06559355853151816 -0.738194614773541 0 0 0 0 0 0
6.157635688781738 1.9934158325195312 -3.5165023803710938 0.4943392116258406 -0.755210660042834 0.43044814183221813 0.8460150051835381 0.3042164099431769 -0.4378481322622984 0 0 0 0 0 0
6.1645002365112305 1.8653335571289062 -4.690116882324219 -0.3120862611159199 0.9054979089194446 -0.2875338285579607 0.7120286524208607 0.022558402087711364 -0.7017879427768635 0 0 0 0 0 0
6.451050758361816 2.0094375610351562 -5.211761474609375 -0.2948794155976008 0.9247311660415835 0.24066242084752443 0.5393713089380371 0.36898489422472697 -0.7569205631560263 0 0 0 0 0 0
6.735604286193848 0.6032867431640625 -4.800537109375 -0.33049835166023156 -0.5513153672426595 0.7660432137888578 -0.9396961498626989 0.2678847916469494 -0.21262380943227127 0 0 0 0 0 0
6.455317497253418 0.44853973388671875 -5.05938720703125 -0.2915273160545754 0.2356518034514887 0.9270814697339587 -0.9296917889185502 0.15830185589273044 -0.3325863798148432 0 0 0 0 0 0
6.662474632263184 0.619903564453125 -6.328891754150391 -0.703986599708063 -0.656741353088624 0.2703583965309799 -0.662313244002435 0.7445110454539526 0.08393134108325673 0 0 0 0 0 0
6.268998146057129 0.8145523071289062 -6.634578704833984 -0.27814860899972915 -0.39447778449786725 0.8757971390962466 -0.7117407717751123 0.6969252704191838 0.08786490336940773 0 0 0 0 0 0
5.854710578918457 0.8844223022460938 -6.689666748046875 0.4693955803327707 0.356389496785535 0.8078702344714866 -0.4577142813021059 0.8806149366226438 -0.12253558703166291 0 0 0 0 0 0
5.522185325622559 1.1719284057617188 -6.548694610595703 0.8257725988503257 0.5640032047674721 0 -0.5634092246000181 0.8249029361562169 0.04588236650891925 0 0 0 0 0 0
5.510247230529785 1.5371627807617188 -6.265525817871094 0.3587191520897264 0.49121764441472376 -0.7937416429416296 -0.6486627738681982 0.7426519827910929 0.16644710347156405 0 0 0 0 0 0
5.334689140319824 2.0104141235351562 -6.167049407958984 0.1030971730785379 0.02635961207983708 -0.9943219517612061 -0.4964754920163917 0.867583484958372 -0.02847775367840883 0 0 0 0 0 0
5.323647499084473 2.47821044921875 -6.289669036865234 -0.40382210929613627 -0.44666624891645323 -0.7983839716092279 -0.4851935308586913 0.8444241449435976 -0.2270134380364965 0 0 0 0 0 0
-2.272324800491333 -1.4773635864257812 1.7475357055664062 0.050654679694930115 0.992246162887943 -0.11349738172820546 0.7665580909788646 -0.11147277955245377 -0.6324258949265827 0 0 0 0 0 0
-2.0512402057647705 -1.4522247314453125 1.2596626281738281 0.33584149120529794 0.8610542675226517 0.3818324778826857 0.7768542925782719 -0.023972684780916888 -0.6292239017131402 0 0 0 0 0 0
-1.831885576248169 -1.1399154663085938 0.7079734802246094 0.4293598523128646 0.5372195637796697 0.725978827180419 0.786066953794142 0.17350655872029225 -0.5932910063652068 0 0 0 0 0 0
-1.6348392963409424 -0.76434326171875 0.45691680908203125 0.6041330942149502 -0.19287093037512082 0.7731907970808406 0.7932711435978128 0.23783653484128886 -0.5604950271230839 0 0 0 0 0 0
-1.3144714832305908 -0.367645263671875 0.34063720703125 0.488522614099991 -0.6557440131480489 0.5756261327749139 0.8560171351491743 0.23236195263638518 -0.461781969437966 0 0 0 0 0 0
-0.8945133686065674 -0.22216796875 0.42501068115234375 0.3754955817059582 -0.9265724339311335 -0.021600759205150553 0.9247877624955169 0.37611289832881223 -0.05750375682715354 0 0 0 0 0 0
-0.35784074664115906 -0.1070709228515625 0.5731391906738281 0.10244878617871297 -0.8692196572001504 -0.4836956002977094 0.9780195072081037 0.17679251733589058 -0.11055428229813986 0 0 0 0 0 0
0.09818723797798157 -0.36231231689453125 0.7066078186035156 -0.0740098804135413 -0.47567357970061375 -0.8765028141289548 0.9963918746957133 0.0013418437561117773 -0.08486124849244273 0 0 0 0 0 0
0.4848163425922394 -0.6735153198242188 0.6771774291992188 -0.14497759308848543 0.1937103585589604 -0.9702874803321067 0.970906293113173 -0.16104001080206407 -0.17722044158084152 0 0 0 0 0 0
0.9053008556365967 -0.9345550537109375 0.5573005676269531 -0.15049804691002003 0.6777132758135519 -0.7197604140700805 0.9357561832112091 -0.13721263598197606 -0.32485852014202743 0 0 0 0 0 0
1.177403211593628 -1.0778427124023438 0.13482666015625 0.11912272645312512 0.9899078541217186 -0.07676077377481419 0.9210863966520157 -0.13904233209610517 -0.36368541321846004 0 0 0 0 0 0
1.5819575786590576 -1.06536865234375 -0.23888015747070312 0.013155910292532115 0.9582881405109076 0.28550089628672265 0.8260398647641134 0.150479834971266 -0.5431518766307507 0 0 0 0 0 0
1.8779151439666748 -0.852691650390625 -0.6700630187988281 0.27179393493236853 0.5917391559390025 0.7589287372754945 0.8917111729735143 0.14171842566102236 -0.4298454045611755 0 0 0 0 0 0
2.1772220134735107 -0.5056304931640625 -0.9151954650878906 0.43529065293883645 -0.037784603874454634 0.8994967321642318 0.8619677294114856 0.3058910401742074 -0.40427998342033883 0 0 0 0 0 0
2.470148801803589 -0.0670928955078125 -0.9870071411132812 0.42268887976065955 -0.6405660095610303 0.6411000688829606 0.9016791932306377 0.22609681087375405 -0.368584948970606 0 0 0 0 0 0
3.0010039806365967 0.1930694580078125 -0.9807662963867188 0.13977522965964337 -0.8744999835792977 0.46444877424039105 0.9623111630214654 0.009464346163510504 -0.2717860402522026 0 0 0 0 0 0
3.4979655742645264 0.17179107666015625 -0.7434158325195312 -0.16652066250302178 -0.9789061292758247 -0.11837930150907791 0.8840589330486971 -0.09504759821968371 -0.45760873786398487 0 0 0 0 0 0
3.9511878490448 -0.0374755859375 -0.6504364013671875 -0.384522530213486 -0.6184785498364334 -0.6852931541686675 0.9171090114809772 -0.17140000342009248 -0.35990707118362836 0 0 0 0 0 0
4.377209663391113 -0.42864227294921875 -0.7810478210449219 -0.5186067231978247 0.07768610458200588 -0.8514763272157886 0.8326495063839504 -0.18038830433041741 -0.523597993864912 0 0 0 0 0 0
4.723587989807129 -0.7424087524414062 -1.1749992370605469 -0.5642695043091557 0.6076477075516485 -0.5588955090300208 0.6909820180886068 -0.02288703745352579 -0.722509539172181 0 0 0 0 0 0
4.678946495056152 -0.6854476928710938 -1.7142066955566406 0.3787903169302759 0.8938036225317687 0.24006869881129525 0.7917254555096406 -0.1786242888504684 -0.5841781975824815 0 0 0 0 0 0
4.946225166320801 -0.561553955078125 -2.1506423950195312 0.5137045125561879 0.5277425521819761 0.67645803446767 0.8060919186456958 -0.026878322336068187 -0.5911796465394421 0 0 0 0 0 0
5.250115394592285 -0.256744384765625 -2.4020538330078125 0.5957817119283053 -0.15012678713314467 0.7889905573052551 0.7953854736709253 -0.025949198207745938 -0.6055481709869606 0 0 0 0 0 0
5.622632026672363 0.04158782958984375 -2.6126708984375 0.49879928939471846 -0.4551497024195999 0.7375893283438104 0.8495486940515584 0.08820418896045343 -0.5200836831560092 0 0 0 0 0 0
6.027009010314941 0.29674530029296875 -2.6806793212890625 0.3773987732200159 -0.7823870861806539 0.4954196335933543 0.9190233690865949 0.2506485556461538 -0.30425540032219894 0 0 0 0 0 0
6.523848533630371 0.42642974853515625 -2.5693740844726562 0.18096937592652013 -0.9832389680662007 -0.022163407970764794 0.9553969424016573 0.18110328557765729 -0.2332772650785803 0 0 0 0 0 0
6.99233341217041 0.3995819091796875 -2.3477630615234375 -0.024099189220952996 -0.747732896738441 -0.6635621630367666 0.9873570380126211 0.08621804165094477 -0.13301326543176012 0 0 0 0 0 0
7.531075477600098 0.291290283203125 -2.3596229553222656 -0.30296822123945094 -0.31181355624738616 -0.9005457029264873 0.9408891997039416 0.05230529859710476 -0.33465156449528854 0 0 0 0 0 0
7.919587135314941 -0.008270263671875 -2.5834999084472656 -0.423945147039537 0.2693359167384398 -0.8647130600703852 0.9037855786481092 0.06396065267099546 -0.423179232403485 0 0 0 0 0 0
8.189393043518066 -0.2941131591796875 -2.9182968139648438 -0.24478227232325914 0.8110326100796589 -0.5313264011355334 0.9531670377104933 0.1008918697313224 -0.285120025330248 0 0 0 0 0 0
