0 0 0
0 1 0
0 2 0
0 3 0
0 4 0
0 5 0
0 6 0
0 7 0
0 8 0
0 9 0
0 10 0
0 11 0
0 12 0
0 13 0
0 14 0
0 15 0
0 16 0
0 17 0
0 18 0
0 19 0
0 20 0
1 0 0
1 1 0
1 2 0
1 3 0
1 4 0
1 5 0
1 6 0
1 7 0
1 8 0
1 9 0
1 10 0
1 11 0
1 12 0
1 13 0
1 14 0
1 15 0
1 16 0
1 17 0
1 18 0
1 19 0
1 20 0
2 0 0
2 1 0
2 2 0
2 3 0
2 4 0
2 5 0
2 6 0
2 7 0
2 8 0
2 9 0
2 10 0
2 11 0
2 12 0
2 13 0
2 14 0
2 15 0
2 16 0
2 17 0
2 18 0
2 19 0
2 20 0
3 0 0
3 1 0
3 2 0
3 3 0
3 4 0
3 5 0
3 6 0
3 7 0
3 8 0
3 9 0
3 10 0
3 11 0
3 12 0
3 13 0
3 14 0
3 15 0
3 16 0
3 17 0
3 18 0
3 19 0
3 20 0
4 0 0
4 1 0
4 2 0
4 3 0
4 4 0
4 5 0
4 6 0
4 7 0
4 8 0
4 9 0
4 10 0
4 11 0
4 12 0
4 13 0
4 14 0
4 15 0
4 16 0
4 17 0
4 18 0
4 19 0
4 20 0
5 0 0
5 1 0
5 2 0
5 3 0
5 4 0
5 5 0
5 6 0
5 7 0
5 8 0
5 9 0
5 10 0
5 11 0
5 12 0
5 13 0
5 14 0
5 15 0
5 16 0
5 17 0
5 18 0
5 19 0
5 20 0
6 0 0
6 1 0
6 2 0
6 3 0
6 4 0
6 5 0
6 6 0
6 7 0
6 8 0
6 9 0
6 10 0
6 11 0
6 12 0
6 13 0
6 14 0
6 15 0
6 16 0
6 17 0
6 18 0
6 19 0
6 20 0
7 0 0
7 1 0
7 2 0
7 3 0
7 4 0
7 5 0
7 6 0
7 7 0
7 8 0
7 9 0
7 10 0
7 11 0
7 12 0
7 13 0
7 14 0
7 15 0
7 16 0
7 17 0
7 18 0
7 19 0
7 20 0
8 0 0
8 1 0
8 2 0
8 3 0
8 4 0
8 5 0
8 6 0
8 7 0
8 8 0
8 9 0
8 10 0
8 11 0
8 12 0
8 13 0
8 14 0
8 15 0
8 16 0
8 17 0
8 18 0
8 19 0
8 20 0
9 0 0
9 1 0
9 2 0
9 3 0
9 4 0
9 5 0
9 6 0
9 7 0
9 8 0
9 9 0
9 10 0
9 11 0
9 12 0
9 13 0
9 14 0
9 15 0
9 16 0
9 17 0
9 18 0
9 19 0
9 20 0
10 0 0
10 1 0
10 2 0
10 3 0
10 4 0
10 5 0
10 6 0
10 7 0
10 8 0
10 9 0
10 10 0
10 11 0
10 12 0
10 13 0
10 14 0
10 15 0
10 16 0
10 17 0
10 18 0
10 19 0
10 20 0
11 0 0
11 1 0
11 2 0
11 3 0
11 4 0
11 5 0
11 6 0
11 7 0
11 8 0
11 9 0
11 10 0
11 11 0
11 12 0
11 13 0
11 14 0
11 15 0
11 16 0
11 17 0
11 18 0
11 19 0
11 20 0
12 0 0
12 1 0
12 2 0
12 3 0
12 4 0
12 5 0
12 6 0
12 7 0
12 8 0
12 9 0
12 10 0
12 11 0
12 12 0
12 13 0
12 14 0
12 15 0
12 16 0
12 17 0
12 18 0
12 19 0
12 20 0
13 0 0
13 1 0
13 2 0
13 3 0
13 4 0
13 5 0
13 6 0
13 7 0
13 8 0
13 9 0
13 10 0
13 11 0
13 12 0
13 13 0
13 14 0
13 15 0
13 16 0
13 17 0
13 18 0
13 19 0
13 20 0
14 0 0
14 1 0
14 2 0
14 3 0
14 4 0
14 5 0
14 6 0
14 7 0
14 8 0
14 9 0
14 10 0
14 11 0
14 12 0
14 13 0
14 14 0
14 15 0
14 16 0
14 17 0
14 18 0
14 19 0
14 20 0
15 0 0
15 1 1
15 2 1
15 3 1
15 4 1
15 5 1
15 6 1
15 7 110
15 8 110
15 9 110
15 10 110
15 11 11558.11
15 12 1766.136
15 13 1462.259
15 14 1319.639
15 15 1472.91
15 16 190579.3
15 17 1
15 18 1
15 19 1
15 20 1
16 0 0
16 1 1
16 2 1
16 3 1
16 4 1
16 5 1
16 6 1
16 7 10
16 8 10
16 9 10
16 10 11186.05
16 11 1365.298
16 12 1237.241
16 13 1317.4
16 14 1594.323
16 15 1104406
16 16 1
16 17 1
16 18 1
16 19 1
16 20 1
17 0 0
17 1 1
17 2 1
17 3 1
17 4 1
17 5 1
17 6 1
17 7 110
17 8 110
17 9 11903.8
17 10 1364.082
17 11 1135.151
17 12 1117.544
17 13 1487.878
17 14 1129544
17 15 1
17 16 1
17 17 1
17 18 1
17 19 1
17 20 1
18 0 0
18 1 1
18 2 1
18 3 1
18 4 1
18 5 1
18 6 10
18 7 10
18 8 1118344.18
18 9 111657.602
18 10 111177.26
18 11 111100
18 12 111130.186
18 13 11145969.8
18 14 110
18 15 1
18 16 1
18 17 1
18 18 1
18 19 1
18 20 1
19 0 0
19 1 900
19 2 9000
19 3 9000
19 4 90000
19 5 9000000
19 6 90000000
19 7 13756380000
19 8 1670289000
19 9 265239900
19 10 126302700
19 11 208652100
19 12 38890500000
19 13 9000000
19 14 9000000
19 15 9000000
19 16 9000000
19 17 9000000
19 18 9000000
19 19 9000000
19 20 9000000
20 0 0
20 1 90000
20 2 90000
20 3 90000
20 4 90000
20 5 900000
20 6 1057233000
20 7 192609300
20 8 40660200
20 9 17150760
20 10 19874910
20 11 4108170000
20 12 90000
20 13 90000
20 14 90000
20 15 90000
20 16 90000
20 17 90000
20 18 90000
20 19 90000
20 20 90000
21 0 0
21 1 90000
21 2 90000
21 3 900000
21 4 900000
21 5 576228000
21 6 123285000
21 7 38902800
21 8 18884070
21 9 23446620
21 10 3231270000
21 11 90000
21 12 90000
21 13 90000
21 14 90000
21 15 90000
21 16 90000
21 17 90000
21 18 90000
21 19 90000
21 20 90000
22 0 0
22 1 900000
22 2 900000
22 3 900000
22 4 1497198000
22 5 108582000
22 6 2.72319e+07
22 7 16043160
22 8 23524920
22 9 2658348000
22 10 900000
22 11 90000
22 12 90000
22 13 90000
22 14 90000
22 15 90000
22 16 90000
22 17 90000
22 18 90000
22 19 90000
22 20 90000
23 0 0
23 1 900000
23 2 900000
23 3 562500000
23 4 2.54469e+08
23 5 42892800
23 6 1.55672e+07
23 7 17929530
23 8 2661900000
23 9 90000
23 10 90000
23 11 90000
23 12 90000
23 13 90000
23 14 90000
23 15 90000
23 16 90000
23 17 90000
23 18 90000
23 19 90000
23 20 90000
24 0 0
24 1 0
24 2 0
24 3 0
24 4 0
24 5 0
24 6 0
24 7 0
24 8 0
24 9 0
24 10 0
24 11 0
24 12 0
24 13 0
24 14 0
24 15 0
24 16 0
24 17 0
24 18 0
24 19 0
24 20 0
25 0 0
25 1 0
25 2 0
25 3 0
25 4 0
25 5 0
25 6 0
25 7 0
25 8 0
25 9 0
25 10 0
25 11 0
25 12 0
25 13 0
25 14 0
25 15 0
25 16 0
25 17 0
25 18 0
25 19 0
25 20 0
26 0 0
26 1 0
26 2 0
26 3 0
26 4 0
26 5 0
26 6 0
26 7 0
26 8 0
26 9 0
26 10 0
26 11 0
26 12 0
26 13 0
26 14 0
26 15 0
26 16 0
26 17 0
26 18 0
26 19 0
26 20 0
27 0 0
27 1 0
27 2 0
27 3 0
27 4 0
27 5 0
27 6 0
27 7 0
27 8 0
27 9 0
27 10 0
27 11 0
27 12 0
27 13 0
27 14 0
27 15 0
27 16 0
27 17 0
27 18 0
27 19 0
27 20 0
