t = 100000000
b = 25 25 25
E = -1.16637836635608 -1.16637836635608 0
-142.295251764239 185.321592671381 262.648714913664 0.312046985859889 0.592489863939948 0.742685963071997 0.175603746255644 0.732281901027203 -0.657971535652546 0 0 0 0 0 0
-142.348511384913 185.760459832894 262.489273802615 0.706385148155931 0.151453561575162 0.691434625363036 0.214587797245127 0.885047015628202 -0.41309061645249 0 0 0 0 0 0
-142.423944842856 186.233129417227 262.541213714852 0.97009452554657 -0.126643371986927 0.207070200261543 0.169651177873097 0.963886785961367 -0.205282102715598 0 0 0 0 0 0
-142.324969894944 186.731901391164 262.764322457635 0.813118211443695 -0.33180099742489 -0.478274892009245 0.219394143009733 0.935733762481835 -0.276167586375762 0 0 0 0 0 0
-141.905980371153 187.178587629697 262.805191698444 0.146652691451808 -0.430988758115042 -0.890360420542375 0.120056487265918 0.901193275762383 -0.416457824498514 0 0 0 0 0 0
-141.68436240141 187.679574936784 262.524379481517 -0.135823063669469 -0.655287497929642 -0.743068227306583 0.0295828594223556 0.747001682891237 -0.664163639614558 0 0 0 0 0 0
-141.351450948699 187.869230253649 262.159444258378 -0.711999896795369 -0.486326781359978 -0.50650015665884 -0.0495326643318712 0.754314673222187 -0.654641802000064 0 0 0 0 0 0
-141.297121186548 188.101376417616 261.720960743899 -0.941003783270196 -0.33757102801597 -0.0236152686925246 -0.175118563851127 0.545493162517495 -0.819616189592043 0 0 0 0 0 0
-141.416982030016 188.041014246816 261.223414834074 -0.797621736577053 0.401368680028228 0.45022521923167 -0.151912519104994 0.588701849663543 -0.793947554150712 0 0 0 0 0 0
-141.672919473522 188.15823554062 260.760939076578 -0.523513747112423 0.531377675836864 0.666011352911137 -0.309464014498378 0.609713978698253 -0.729712880460866 0 0 0 0 0 0
-142.185566210702 188.244723047278 260.456380363514 0.00738568769111507 0.75585721703057 0.654694828970056 -0.252751794688257 0.634864810525093 -0.730111774072164 0 0 0 0 0 0
-142.553555645027 188.647933218123 260.337405683485 0.721286159393047 0.569368201133741 0.394418721418946 -0.165834091387326 0.694841666242521 -0.699781475167111 0 0 0 0 0 0
-142.884509569709 189.131593779091 260.349937390212 0.973804327833348 0.227028465261455 0.0127752516244958 -0.177352500487463 0.793486562536403 -0.582172797067167 0 0 0 0 0 0
-142.80439914234 189.604219801702 260.388592234006 0.907523690710743 -0.0774725820233855 -0.412793834538964 0.0328531555942333 0.992923254168787 -0.114123098005473 0 0 0 0 0 0
-142.661784228816 190.107531326306 260.50084068431 0.392860154745587 -0.213982355058747 -0.894355885840075 -0.0225007876737242 0.970022765694108 -0.241970139871052 0 0 0 0 0 0
-142.223892177007 190.437783752372 260.348254996215 -0.288782378135899 -0.271300282804863 -0.918150801681388 0.0120083059552001 0.957907783847122 -0.286824821508151 0 0 0 0 0 0
-141.994021200969 190.848296775862 260.03011821269 -0.62411288284767 -0.344181526465471 -0.701442931608459 -0.0254955892709397 0.906243162204098 -0.421987329058639 0 0 0 0 0 0
-141.845260726944 191.134774589661 259.593159006724 -0.979565891537268 -0.152693554917179 -0.130902033687606 -0.0802740167861559 0.893592112609962 -0.441643768789147 0 0 0 0 0 0
-141.919765037733 191.450763435484 259.194237502798 -0.901305011905087 -0.0185148373758751 0.432789182295164 -0.195402877398906 0.90904292257826 -0.368047117112203 0 0 0 0 0 0
-142.161506113833 191.672816895835 258.848805893891 -0.486721133286639 0.324056718480218 0.81122733041978 -0.105727629621909 0.899968448906805 -0.422940255008686 0 0 0 0 0 0
-142.544482733618 192.03651481705 258.672397814984 0.410725654997712 0.438585164039099 0.799341910706237 -0.246209176250152 0.897485281318019 -0.365925144459545 0 0 0 0 0 0
-138.987365023289 187.814124594694 267.060018142239 0.288497283901379 -0.733485616058933 0.615441441744196 -0.18280836891247 -0.673143241618546 -0.716560727725737 0 0 0 0 0 0
-138.998344031605 187.417454737824 266.722377763798 -0.0361475782183999 -0.561157939218204 0.826919052774408 -0.146669167396512 -0.815520573548011 -0.559834216045373 0 0 0 0 0 0
-138.891368994461 186.983652265402 266.53256780762 -0.628079532522535 -0.402731244828105 0.665825536657673 0.0116797634271675 -0.86043554122602 -0.509425423905572 0 0 0 0 0 0
-138.70349214117 186.447921839521 266.537145894195 -0.967896140778144 -0.0709120326502971 0.241140092668512 -0.0587259557442024 -0.86902517113232 -0.491270306511978 0 0 0 0 0 0
-138.646242883596 185.922439855126 266.56747824144 -0.955092563510007 0.215618624249297 -0.203240753798846 -0.0931039352655865 -0.869552168120028 -0.484985241173192 0 0 0 0 0 0
-138.84527701842 185.487875943108 266.621877109591 -0.402914572665501 0.407388716309437 -0.819569570541467 -0.176724671155913 -0.91324972610823 -0.367074009387858 0 0 0 0 0 0
-139.212429722821 185.198913522048 266.463325964634 0.294205064631793 0.295400791226371 -0.908945406769756 -0.156871958332247 -0.923212416917174 -0.35081337195004 0 0 0 0 0 0
-139.35821285667 184.794026349688 266.146821745289 0.796112224184786 0.311284166693498 -0.51894845030069 0.0365910929245442 -0.880747490380782 -0.472170467211306 0 0 0 0 0 0
-139.393347994908 184.573187733412 265.736410645468 0.984794318380829 -0.127481676152039 0.118019374385336 -0.0431640356556013 -0.837598619106526 -0.544578203104718 0 0 0 0 0 0
-140.213129527741 184.422207140745 265.963217237214 -0.143022917848971 0.911636792521148 -0.385308711933327 -0.799186734736997 0.123270310255067 0.588306887287609 0 0 0 0 0 0
-139.703015148932 183.645544462156 266.772598835072 0.895878868639626 -0.441302082310715 -0.0515123759227774 0.387945879668167 0.833487276491121 -0.393442440994748 0 0 0 0 0 0
-140.99029301588 184.18058482253 266.292923797842 -0.880654994012151 0.226651885383382 -0.416023682467257 -0.166197457301174 0.674527289214735 0.719299201508833 0 0 0 0 0 0
-141.210854954165 184.654630975401 266.492863462232 -0.807197540930669 -0.589359274206754 0.0329814466324598 -0.384207284607825 0.566992853078194 0.728631502896033 0 0 0 0 0 0
-141.602824192709 184.939310723661 266.512841784519 -0.204074761029742 -0.70930598817544 0.674713648186486 -0.194858839277765 0.704858468880705 0.682059067531889 0 0 0 0 0 0
-141.909109098485 185.072961984036 266.865824749548 0.73052444081763 -0.375047598144828 0.570677965663548 -0.112940519830118 0.757821437195577 0.642612720312423 0 0 0 0 0 0
-142.077088535222 185.156917019694 267.359492919544 0.988834850228471 0.0221882645468861 0.147354402343583 -0.12849634620136 0.627712388550879 0.767766791592767 0 0 0 0 0 0
-142.052689352184 185.155407099397 267.874627255165 0.669197758100152 0.608568917420511 -0.426401493082938 -0.0645242149763283 0.61924854395862 0.782539370566631 0 0 0 0 0 0
-141.82371973519 185.337780764623 268.28217631551 -0.0732157627000385 0.734769661393258 -0.674353762344579 0.0830908390991077 0.678311790364557 0.730060975200179 0 0 0 0 0 0
-141.642051701738 184.089491830524 268.402804800483 -0.32824928798993 -0.809357163517957 -0.487025037134922 -0.471819987255597 0.587152692822513 -0.657751940276423 0 0 0 0 0 0
-141.189515358011 184.838404707787 269.18561300904 -0.0561003972976362 0.914513175634653 0.400647472241709 0.816611352657237 -0.188852464309311 0.545417863143129 0 0 0 0 0 0
-141.601567371905 184.634039180353 270.284716080922 0.16747511636978 -0.505371031196549 0.846494067447767 0.0349933418317605 0.861127125085871 0.507183931595618 0 0 0 0 0 0
-141.890195900065 184.917060163753 270.635473657 0.933573641958662 -0.128498309284434 0.334557079660679 -0.0496523296190492 0.878133804017164 0.475831554655371 0 0 0 0 0 0
-141.850885259172 185.279374611041 271.083869753144 0.92506422065651 0.181101411985243 -0.333853959446515 -0.052948569294267 0.931908755268099 0.358807080287377 0 0 0 0 0 0
-141.749354153657 185.654098472848 271.310676708249 0.246454726048885 0.361913488110378 -0.899043210937021 0.0319307244441259 0.924121575406552 0.380762055232118 0 0 0 0 0 0
-141.367220172178 186.03064842939 271.425538169355 -0.463282528674058 0.428281423148477 -0.775850708069075 0.203639786612923 0.903490544545886 0.377141449889059 0 0 0 0 0 0
-141.070005305326 186.382187268545 271.209129114099 -0.899002618806824 0.436489688395388 -0.0356516942510378 0.372331667729165 0.804639315474154 0.462519946812355 0 0 0 0 0 0
-140.947911256937 186.837016737328 271.122186269783 -0.714398160200766 0.0715228346888677 0.696074531081141 0.424674566265324 0.834929419668681 0.350063389886859 0 0 0 0 0 0
-142.886227906779 191.256384524762 261.151611886757 0.197343444200773 -0.976471900224449 0.0869378692114741 0.942582548413897 0.213369376415318 0.256927321695655 0 0 0 0 0 0
-142.803387277638 191.890743744743 259.741060268321 0.360704569094136 0.0221632865576997 -0.932416753690953 0.0674040568692281 -0.997722970268936 0.00235960066593897 0 0 0 0 0 0
-143.031263153817 191.429372015889 259.653468770678 0.897725358296633 0.0160767144809014 -0.44026210411831 0.0533457928297038 -0.99594747382918 0.0724075670123326 0 0 0 0 0 0
-142.991262667954 190.952228936639 259.396294295427 0.958722917677995 0.18738495904968 0.213862676128733 0.147685574558585 -0.970881547654357 0.188621291193709 0 0 0 0 0 0
-142.785790259796 190.497672648587 259.246566273406 0.590064431374587 0.313547870208968 0.743983669117815 0.259395039206355 -0.946275428228248 0.193072596622565 0 0 0 0 0 0
-142.427610052687 190.07748274102 259.211491334871 0.086403080216269 0.330372000207803 0.939887679038212 0.261668848338875 -0.917818865945905 0.298559781489034 0 0 0 0 0 0
-142.110400647603 189.757456502579 259.493618520729 -0.464708320705917 0.339954746152099 0.81760439531313 0.323242430903894 -0.794506993284622 0.514074866614942 0 0 0 0 0 0
-141.777135666186 189.631863795501 259.860103395549 -0.873256215753246 -0.180322006296511 0.45266715773681 0.445355595720726 -0.672289794034634 0.591341547836026 0 0 0 0 0 0
-141.652940012294 189.345593859186 260.307468160252 -0.997930975414458 -0.022767435482213 0.0601282977466733 0.0633130386961175 -0.510758957585252 0.857389495140622 0 0 0 0 0 0
-141.76078009901 189.368609859423 260.776221175497 -0.731098084620704 -0.628837042866732 -0.264687672894983 0.0223252130030046 -0.409791655710577 0.911905907303136 0 0 0 0 0 0
-142.004335946156 189.188925415248 261.188939351485 -0.0399143170016704 -0.855786603748689 -0.515786909627004 -0.0160295504847049 -0.515583423797348 0.856689434168919 0 0 0 0 0 0
-142.228227696751 188.87510828558 261.535698475564 0.384638363362028 -0.645078078760178 -0.660248136486017 -0.0589706843737069 -0.730987618923712 0.6798378919748 0 0 0 0 0 0
-142.433634720784 188.37993578638 261.709924643413 0.798658982141188 -0.369076168494526 -0.475317380383467 -0.120852318554505 -0.872123536180233 0.474125779451494 0 0 0 0 0 0
-142.516348382147 187.897441749444 261.701259422892 0.992940971061495 -0.0276474495677145 -0.115342301519673 0.0115219374223134 -0.94537095878778 0.325792871681855 0 0 0 0 0 0
-142.339659895144 187.345074669466 261.670033606043 0.859918927981681 0.40312580000619 0.313095874562738 0.227228893277033 -0.85159716439897 0.472386811466757 0 0 0 0 0 0
-142.026702702457 186.940241028849 261.675501026855 0.418692378788869 0.656221654527862 0.62774981646579 0.374945784220749 -0.754503951085688 0.538645938155273 0 0 0 0 0 0
-141.624414515329 186.61500353867 261.829480469536 -0.178770614186909 0.566715452457383 0.804285187883788 0.18263781491688 -0.784132150447954 0.593110612951964 0 0 0 0 0 0
-141.306873041924 186.345106301974 262.172728582404 -0.783206111506076 0.314510486697327 0.536350016926395 0.135252027155253 -0.755792069226194 0.640691218330003 0 0 0 0 0 0
-141.23698124391 186.218555125609 262.619930423675 -0.998625524942025 -0.0487027290081663 0.0193676307642731 0.0478367513756344 -0.695934074236578 0.71651057880139 0 0 0 0 0 0
-141.247906282562 185.987765289785 263.080233872753 -0.733710285000403 -0.402026884691643 -0.547762358755839 -0.0415941502897135 -0.778082746197091 0.626783189573612 0 0 0 0 0 0
-140.460756677525 186.500720515586 263.703472022624 0.563748023659592 0.820204056233801 0.0972289666587301 0.0211776676997105 -0.132033751458321 0.991018967965116 0 0 0 0 0 0
-140.389640143418 186.413069989302 264.252200130578 0.50562861417668 0.826274694970337 -0.248213281226948 0.133882172924543 0.209068242575287 0.9686929512077 0 0 0 0 0 0
-140.048365085416 186.455543055338 264.605256633908 0.010086144552344 0.960366139873372 -0.278559054910784 0.488132976286631 0.238397552842469 0.839578944626578 0 0 0 0 0 0
-139.538552363924 186.587948120189 264.81767834373 -0.585700152279272 0.805718816912559 0.0881618947905741 0.352365213940493 0.155159333943792 0.922910795849084 0 0 0 0 0 0
-139.686919059483 186.098729596923 265.934257712101 0.337862321675478 -0.755415025122649 0.561424252603148 0.0583753917960163 0.612171581280506 0.788567225228888 0 0 0 0 0 0
-139.795235577644 186.182447927584 266.459839554613 0.966234293614449 -0.257659803580182 0.00164786601680466 0.184111694444348 0.694871963153335 0.695166051236869 0 0 0 0 0 0
-139.741262581547 186.244775380203 266.982350042223 0.843634277246279 0.279463051907124 -0.45845567820009 0.118501995505483 0.735894325973564 0.66664594655719 0 0 0 0 0 0
-139.565955394046 186.494723702263 267.417551010349 0.480000576833854 0.424253154929571 -0.767859822344856 0.372677655761391 0.69376457527742 0.616280844247438 0 0 0 0 0 0
-139.176258259151 186.746860273437 267.740375850169 0.210634470631689 0.526495296599454 -0.823672157135569 0.550501161382362 0.632390843125296 0.545004855802174 0 0 0 0 0 0
-138.672186934682 186.89503447645 267.824631296741 -0.407196287971761 0.725079286880802 -0.555383840959067 0.713160132238119 0.632309317503984 0.302634354929765 0 0 0 0 0 0
