t = 300000000
b = 25 25 25
E = -1.35267306654464 -1.35267306654464 0
35.0817891335663 118.330056183582 257.174492286282 0.0792095594997304 0.647587404217183 -0.757863048039096 -0.628165344470014 -0.557892959379375 -0.54236864389619 0 0 0 0 0 0
34.6656023824602 118.270848176089 256.884617304825 0.650536510644263 0.325348657471294 -0.686258332845885 -0.497573105958117 -0.50008340088525 -0.708757784003982 0 0 0 0 0 0
34.3534017687456 118.341136084892 256.419459191966 0.923810015225887 -0.249728895359623 -0.290190514301912 -0.381839173031676 -0.54591994266581 -0.745768236208974 0 0 0 0 0 0
34.3487002248516 118.34438390781 255.857815846278 0.846145542617823 -0.532302114206902 0.02630931239794 -0.26764559652531 -0.467100539439634 -0.842723513802608 0 0 0 0 0 0
34.4901382784536 118.270129768888 255.300541504064 0.336573357270865 -0.84777840124173 0.409866023919323 -0.0459358932912874 -0.449523950338998 -0.892086381343843 0 0 0 0 0 0
34.7067379602916 118.073762762679 254.878615128227 -0.357539606944368 -0.792727078771705 0.493709639411817 -0.106292022814286 -0.490677370891141 -0.864833928324626 0 0 0 0 0 0
34.7884660549503 117.737923871375 254.537101886039 -0.691068625768869 -0.522378445972784 0.499544706368696 -0.0853614251602575 -0.62731255334944 -0.77407518207524 0 0 0 0 0 0
34.9022878019869 117.241706371331 254.371180172022 -0.939822767924467 -0.204220140517183 0.273911115323813 0.0059142111831794 -0.811305114471984 -0.584593049340892 0 0 0 0 0 0
34.8427316993549 116.732363017681 254.380364703897 -0.931815302671769 0.306207098376316 -0.194826729713037 -0.198588648037076 -0.879497460778862 -0.432489034952726 0 0 0 0 0 0
34.5644822520456 116.239828949526 254.344580052667 -0.569955599781846 0.588200334628458 -0.573734242154228 -0.319170663592241 -0.801903983187789 -0.505054540866279 0 0 0 0 0 0
34.138851706548 115.850185412845 254.131264975218 0.0907853826134092 0.744206574392755 -0.661751153330569 -0.448245808971112 -0.562841634660893 -0.694467413945454 0 0 0 0 0 0
33.7091675134333 115.740535355423 253.920751555885 0.62567791355809 0.312008541845341 -0.714967005043687 -0.474654091906162 -0.575067712380716 -0.666333714600985 0 0 0 0 0 0
33.4016787272011 115.589826666816 253.502128586988 0.896901027673976 0.123011583846972 -0.424778409052092 -0.329030481739254 -0.456163191202352 -0.826833771128466 0 0 0 0 0 0
33.2369049114049 115.694544993203 252.999660063909 0.867240323223571 -0.491198917002126 -0.081350142661309 -0.334336698695585 -0.453460849920297 -0.82619140003688 0 0 0 0 0 0
33.3165391594445 115.625899303335 252.472152861015 0.484365751773715 -0.819099424148062 0.307353138700417 -0.280760956906168 -0.478266354888315 -0.832126540172213 0 0 0 0 0 0
33.3713370350472 115.37224316317 251.996720676472 0.280666099435515 -0.721181946650838 0.633342830110645 -0.0129592804582033 -0.662653081097131 -0.748814363619238 0 0 0 0 0 0
33.563777735609 115.04745481344 251.670625604457 -0.342903305822899 -0.578189257065771 0.74034755748193 -0.0491731926656699 -0.776002532046797 -0.628810040775452 0 0 0 0 0 0
33.7194997517001 114.521437550835 251.596545273289 -0.892791220579663 -0.12722542326005 0.432131378323973 -0.1599823914153 -0.807204289321302 -0.568178554451269 0 0 0 0 0 0
33.62846021439 113.969197188212 251.6444910274 -0.953953509163972 0.299944679256253 -0.00242729058966702 -0.262975394800455 -0.840212853246215 -0.474221786687832 0 0 0 0 0 0
33.3764267164935 113.491307194289 251.617664984628 -0.674384003526295 0.625229789583613 -0.392802655292803 -0.412819684504764 -0.760329293976781 -0.501477091008311 0 0 0 0 0 0
32.9128446098157 113.142785848979 251.583390163001 -0.162916366014051 0.623097666817997 -0.764988598144276 -0.475014423577244 -0.72910766496229 -0.49271016864564 0 0 0 0 0 0
37.4321414484611 119.778488465284 259.691559648287 0.205436575151295 0.775894595223235 -0.596475808975921 -0.688709153849637 -0.318403673470675 -0.651382224292386 0 0 0 0 0 0
36.9936662296981 119.765995925867 259.343782150985 0.727130300531039 0.336617585956737 -0.598306047833631 -0.491090488772932 -0.353940149094943 -0.795962626443863 0 0 0 0 0 0
36.6940580289805 119.710701907152 258.828860756575 0.943661335260683 0.101700822862889 -0.314897168871105 -0.261093069292702 -0.355819168579079 -0.897342258248774 0 0 0 0 0 0
36.6630955196207 119.853783972885 258.319547764637 0.80280421509465 -0.591285550871879 -0.0767254166257944 -0.211362333747175 -0.161895451500887 -0.963906544565536 0 0 0 0 0 0
36.775902237177 119.875225673653 257.749112134414 0.369623461477684 -0.841221258302598 0.394620439542923 -0.157510182460012 -0.475275747536687 -0.86562318951427 0 0 0 0 0 0
36.8785921654123 119.64090253162 257.230879771275 -0.0598221098902977 -0.788844886077518 0.611673982508347 -0.402303159639474 -0.541748641200357 -0.738011231284228 0 0 0 0 0 0
36.8125806591319 119.215605046947 256.900671417104 -0.461151950577482 -0.385727253134907 0.799095341412765 -0.549081580498391 -0.58338534702302 -0.598473854764115 0 0 0 0 0 0
36.5470515138236 118.730040072188 256.669426140043 -0.59945417238753 0.251408045320953 0.759900447397604 -0.764764199741576 -0.460067216391893 -0.451080785663768 0 0 0 0 0 0
36.2870707623716 118.251323652031 256.741558277624 -0.639431332518668 0.742216759947237 0.200603719424209 -0.737735895221667 -0.518831805409014 -0.431925116886607 0 0 0 0 0 0
35.7616242704798 118.00850382802 256.91717867766 -0.255660296982432 0.843348572678216 -0.472653147147537 -0.744216799053918 -0.483741038664341 -0.460582200609059 0 0 0 0 0 0
36.6405573415463 116.990543459843 257.35975223113 0.624726193521334 0.692421751067704 0.360928388709838 -0.707695967376781 0.306754482415687 0.636449609377307 0 0 0 0 0 0
36.3852235876407 117.003685938889 257.802339267801 0.273315513356463 0.960909441058112 -0.0441777799813576 -0.698151104157273 0.229752967879565 0.678084515023395 0 0 0 0 0 0
36.2040107066069 117.244598343903 258.266033293897 -0.0370516648733286 0.748309560207335 -0.662314106925422 -0.849542287157052 0.325413640552998 0.41519135934411 0 0 0 0 0 0
36.0185146196896 117.606265353612 258.432208796179 -0.544089171887893 -0.177418374917359 -0.820054689198245 -0.837616298208855 0.171519775572475 0.51863272511717 0 0 0 0 0 0
35.0966813114294 117.807534018787 258.483515788111 -0.927382897424784 -0.162248671468228 -0.337099881594175 -0.374064287690208 0.387517328303619 0.842559332592811 0 0 0 0 0 0
34.8393147657169 118.099305203215 258.711503495017 -0.609192158697604 -0.786530152686374 -0.101268122805269 -0.559301030139679 0.33560222050895 0.757993078645284 0 0 0 0 0 0
34.4955698645389 118.355566417013 258.832317297258 0.0752166933578555 -0.688328746125467 0.72148872915497 -0.282385708678759 0.679216542870528 0.677438705290008 0 0 0 0 0 0
34.0610870710735 118.495905486141 259.163714230339 0.792383469390653 -0.373464879510673 0.482340565584641 -0.242781037532455 0.532307396551869 0.810990877501613 0 0 0 0 0 0
33.9992499847572 118.53862932246 259.658086075719 0.91055482293115 0.3762449925172 -0.171258926898878 -0.124282550505756 0.644270467846729 0.754631971162328 0 0 0 0 0 0
34.1673460713076 118.749500138279 260.102701994955 0.324274460591191 0.680148534623182 -0.657452694159991 -0.0966534680273053 0.715193917624326 0.692210782429357 0 0 0 0 0 0
34.3895307889496 119.11557229123 260.278266531629 -0.497102506083176 0.588590532327074 -0.637534535300449 0.0356626579492208 0.747986127133345 0.662755557082743 0 0 0 0 0 0
34.67923164192 119.487519115001 260.390890870872 -0.968098601390819 0.214608449890668 -0.129337972848911 0.0713023732690386 0.730782785992014 0.678875902697947 0 0 0 0 0 0
34.5116989850551 119.994762588945 260.584607274692 -0.699566597493206 -0.600155185511787 0.387840597378731 -0.0292283368488867 0.56634168032263 0.823652114338565 0 0 0 0 0 0
34.2701278997218 120.367575912661 260.705697214603 0.138221184066527 -0.637275880697214 0.758138744661449 0.121624510374626 0.770614377965949 0.625588490102148 0 0 0 0 0 0
34.087858581609 120.669066815687 261.064334225323 0.73567308627354 -0.514797021278575 0.440192159193542 0.0848325085635487 0.7147977990261 0.694166804160396 0 0 0 0 0 0
34.0489967786659 120.853032003263 261.565046113087 0.963268079686692 -0.226221551782869 -0.144701127036603 0.266959943297163 0.865081868304381 0.424694890251552 0 0 0 0 0 0
34.1184786746114 121.260500624808 261.894026538871 0.810827867984211 -0.165922363555333 -0.561273496410076 0.444180900632497 0.798920833391235 0.405498248438582 0 0 0 0 0 0
32.6432740138187 113.884504812003 250.732707087777 0.177460508333492 -0.620942944230765 0.76350352192511 0.164577689671066 0.783616937630702 0.59904814424286 0 0 0 0 0 0
32.4725430425491 114.104646607621 251.169150111136 0.777956378985194 -0.505507269452622 0.373157169201933 0.163222128906406 0.736102264083021 0.656895724942027 0 0 0 0 0 0
32.5295990992375 114.320445266872 251.688180144018 0.97472908274235 -0.16392515240017 -0.151762181279919 0.220878338509877 0.605626687601611 0.764479610481416 0 0 0 0 0 0
32.6898671853548 114.352298238244 252.147234276675 0.823947035696114 0.201185557697474 -0.529750558037973 0.352327967383187 0.550307243387385 0.75698543002822 0 0 0 0 0 0
33.0601945594203 114.442855812034 252.520337919697 0.385489855634329 0.609670242548501 -0.69260361430899 0.419347452728203 0.552862723379594 0.720062860441828 0 0 0 0 0 0
33.5062385411692 114.433199780558 252.712270628504 -0.179873032549695 0.852850651946957 -0.490195326002836 0.565750865413635 0.497349498170116 0.657700110197389 0 0 0 0 0 0
34.0009558041659 114.738973230839 252.838600980491 -0.573619807718999 0.71442716818884 -0.400692073225929 0.467323791824813 0.687182633507946 0.556227023614965 0 0 0 0 0 0
34.3017982326214 115.178541041299 252.887309846068 -0.940281465469587 0.310380736665807 0.139766104621816 0.314387348443231 0.634434264757814 0.706154203301267 0 0 0 0 0 0
34.4982023926767 115.720781957095 252.948711812283 -0.911769241111111 -0.0603727980658114 0.406241278327762 0.245555884453958 0.712734237717048 0.657048106302676 0 0 0 0 0 0
34.4534639108035 116.249058442937 253.109866427277 -0.578817815385236 -0.506661394380597 0.638955528997889 0.171923742728196 0.690121174149981 0.702975811586843 0 0 0 0 0 0
34.1225833364656 116.652785374573 253.319728290053 -0.0172871901855865 -0.685956353000358 0.727437306462857 0.0931974782242828 0.723273048605521 0.684244347593395 0 0 0 0 0 0
33.841803801757 116.926762443732 253.657287103832 0.625913638764495 -0.539288581985565 0.563382589497215 -0.0178587561228906 0.71228462447853 0.701663508072939 0 0 0 0 0 0
33.6298091426216 117.089830834873 254.184500259287 0.943574214067265 -0.285401854368303 0.167968699674903 0.0266076790728816 0.570908843505885 0.820582185902867 0 0 0 0 0 0
33.7824084723798 117.148269001563 254.704282056686 0.979155483273855 -0.0906295941030219 -0.181771329553 0.202799309054844 0.386580697339749 0.899682057557663 0 0 0 0 0 0
33.9957749584841 117.150012424148 255.217019757064 0.697629904005034 0.392626391576719 -0.599297116358298 0.447093588299741 0.415044426192309 0.79236699047093 0 0 0 0 0 0
34.354883457861 117.11929152602 255.525709478989 0.255177440038774 0.764767839656218 -0.591620339003671 0.433063900017612 0.456672285928715 0.777113943875786 0 0 0 0 0 0
34.8469482577446 117.285859599484 255.817433565346 -0.255634215047205 0.837865245594845 -0.482320410434278 0.42836124280513 0.545415723462336 0.720436211098874 0 0 0 0 0 0
35.2677349513546 117.610861219612 255.955492219273 -0.76897718739728 0.632045454070667 -0.0958782000830883 0.481611637730754 0.671397706769928 0.563272003339757 0 0 0 0 0 0
35.4237326801727 118.173933231232 255.994008163699 -0.882005514460518 0.0952951058973486 0.461503104272604 0.326917891375578 0.829080959321067 0.453596136656615 0 0 0 0 0 0
35.4449094598666 118.72908817527 256.0693434138 -0.556711684799009 -0.437382460750416 0.706235571913621 0.278174581435031 0.702924458099283 0.654611417903228 0 0 0 0 0 0
35.3776403075816 119.037252306215 256.572170035024 0.260060206831111 -0.906479291748803 0.332661964242305 0.631217421169597 0.42030715698805 0.651848495431743 0 0 0 0 0 0
35.4814563210177 119.102636129527 257.063909150388 0.687526866018282 -0.641446155403657 -0.340372793009292 0.658983179224978 0.354238958613538 0.663517844295793 0 0 0 0 0 0
35.8297915822326 119.093447189015 257.536899457885 0.616247513177892 -0.278057621974055 -0.736833062073219 0.786841213122842 0.257135074223429 0.561036949706065 0 0 0 0 0 0
36.2079579112744 118.853350203183 257.848843110496 0.53327084134692 0.242758577481472 -0.810364413599413 0.737022501354675 0.336881060140493 0.585925749404748 0 0 0 0 0 0
36.7095278937463 118.778380700999 258.051992069039 0.138175748909526 0.713848548583885 -0.686533110707687 0.545630225512593 0.523636650888815 0.654287639232946 0 0 0 0 0 0
37.1896764483264 118.874936611502 258.158003892043 -0.411505292218438 0.892323533317901 -0.185531955100128 0.582248645530286 0.41399455873088 0.699710668862046 0 0 0 0 0 0
37.6191124868276 119.208893273918 258.21985199631 -0.796275445084983 0.600371072030105 0.0741619270524662 0.461295275228167 0.523313431349165 0.716484278698237 0 0 0 0 0 0
37.8289178504503 119.65092899187 258.38560865578 -0.903973612682372 0.134351684641612 0.405932669796288 0.398437701800823 0.609198391537854 0.68565641361499 0 0 0 0 0 0
37.8950011164737 120.160917188319 258.626926973321 -0.800236740763403 -0.255615348734922 0.542477605273702 0.295503006112419 0.619071661371226 0.727618204462749 0 0 0 0 0 0
37.7768476555762 120.580682288748 258.784840105095 -0.187908815162919 -0.624916169181544 0.757740099690872 0.354124181506642 0.676487968462254 0.64572447111602 0 0 0 0 0 0
