0 0 0.000000 
0 1 0.000000 
0 2 0.000000 
0 3 0.000000 
0 4 0.000000 
0 5 0.000000 
0 6 0.000000 
0 7 0.000000 
0 8 0.000000 
0 9 0.000000 
0 10 0.000000 
0 11 0.000000 
0 12 0.000000 
0 13 0.000000 
0 14 0.000000 
0 15 0.000000 
0 16 0.000000 
0 17 0.000000 
0 18 0.000000 
0 19 0.000000 
0 20 0.000000 
1 0 0.000000 
1 1 0.000000 
1 2 0.000000 
1 3 0.000000 
1 4 0.000000 
1 5 0.000000 
1 6 0.000000 
1 7 0.000000 
1 8 0.000000 
1 9 0.000000 
1 10 0.000000 
1 11 0.000000 
1 12 0.000000 
1 13 0.000000 
1 14 0.000000 
1 15 0.000000 
1 16 0.000000 
1 17 0.000000 
1 18 0.000000 
1 19 0.000000 
1 20 0.000000 
2 0 0.000000 
2 1 0.000000 
2 2 0.000000 
2 3 0.000000 
2 4 0.000000 
2 5 0.000000 
2 6 0.000000 
2 7 0.000000 
2 8 0.000000 
2 9 0.000000 
2 10 0.000000 
2 11 0.000000 
2 12 0.000000 
2 13 0.000000 
2 14 0.000000 
2 15 0.000000 
2 16 0.000000 
2 17 0.000000 
2 18 0.000000 
2 19 0.000000 
2 20 0.000000 
3 0 0.000000 
3 1 0.000000 
3 2 0.000000 
3 3 0.000000 
3 4 0.000000 
3 5 0.000000 
3 6 0.000000 
3 7 0.000000 
3 8 0.000000 
3 9 0.000000 
3 10 0.000000 
3 11 0.000000 
3 12 0.000000 
3 13 0.000000 
3 14 0.000000 
3 15 0.000000 
3 16 0.000000 
3 17 0.000000 
3 18 0.000000 
3 19 0.000000 
3 20 0.000000 
4 0 0.000000 
4 1 0.010000 
4 2 0.010000 
4 3 0.010000 
4 4 0.010000 
4 5 0.010000 
4 6 0.010000 
4 7 0.010000 
4 8 0.010000 
4 9 0.010000 
4 10 0.010000 
4 11 0.010000 
4 12 0.010000 
4 13 0.010000 
4 14 0.010000 
4 15 0.010000 
4 16 0.010000 
4 17 27519.501405 
4 18 19480.673930 
4 19 29255.634549 
4 20 20248.138234 
5 0 0.000000 
5 1 0.010000 
5 2 0.010000 
5 3 0.010000 
5 4 0.010000 
5 5 0.010000 
5 6 0.010000 
5 7 0.010000 
5 8 0.010000 
5 9 0.010000 
5 10 0.010000 
5 11 0.010000 
5 12 0.010000 
5 13 0.010000 
5 14 0.010000 
5 15 0.010000 
5 16 0.010000 
5 17 44288.938285 
5 18 32123.420904 
5 19 4794.512673 
5 20 3340.422293 
6 0 0.000000 
6 1 0.010000 
6 2 0.010000 
6 3 0.010000 
6 4 0.010000 
6 5 0.010000 
6 6 0.010000 
6 7 0.010000 
6 8 0.010000 
6 9 0.010000 
6 10 0.010000 
6 11 0.010000 
6 12 0.010000 
6 13 0.010000 
6 14 0.010000 
6 15 0.010000 
6 16 0.010000 
6 17 3002.884705 
6 18 2265.972209 
6 19 334.569348 
6 20 229.696373 
7 0 0.000000 
7 1 0.010000 
7 2 0.010000 
7 3 0.010000 
7 4 0.010000 
7 5 0.010000 
7 6 0.010000 
7 7 0.010000 
7 8 0.010000 
7 9 0.010000 
7 10 0.010000 
7 11 0.010000 
7 12 0.010000 
7 13 0.010000 
7 14 0.010000 
7 15 0.010000 
7 16 4614.543860 
7 17 3585.977927 
7 18 264.779846 
7 19 40.508961 
7 20 27.485041 
8 0 0.000000 
8 1 0.010000 
8 2 0.010000 
8 3 0.010000 
8 4 0.010000 
8 5 0.010000 
8 6 0.010000 
8 7 0.010000 
8 8 0.010000 
8 9 0.010000 
8 10 0.010000 
8 11 0.010000 
8 12 0.010000 
8 13 0.010000 
8 14 0.010000 
8 15 0.010000 
8 16 3133.282353 
8 17 1080.327247 
8 18 66.875038 
8 19 10.644395 
8 20 7.723095 
9 0 0.000000 
9 1 0.010000 
9 2 0.010000 
9 3 0.010000 
9 4 0.010000 
9 5 0.010000 
9 6 0.010000 
9 7 0.010000 
9 8 0.010000 
9 9 0.010000 
9 10 0.010000 
9 11 0.010000 
9 12 0.010000 
9 13 0.010000 
9 14 0.010000 
9 15 0.010000 
9 16 5881.035944 
9 17 296.983147 
9 18 27.154657 
9 19 5.877309 
9 20 4.730867 
10 0 0.000000 
10 1 0.010000 
10 2 0.010000 
10 3 0.010000 
10 4 0.010000 
10 5 0.010000 
10 6 0.010000 
10 7 0.010000 
10 8 0.010000 
10 9 0.010000 
10 10 0.010000 
10 11 0.010000 
10 12 0.010000 
10 13 0.010000 
10 14 0.100000 
10 15 0.100000 
10 16 431.422125 
10 17 81.197807 
10 18 14.429772 
10 19 6.277469 
10 20 8.884085 
11 0 0.000000 
11 1 0.010000 
11 2 0.010000 
11 3 0.010000 
11 4 0.010000 
11 5 0.010000 
11 6 0.010000 
11 7 0.010000 
11 8 0.010000 
11 9 0.010000 
11 10 0.010000 
11 11 0.010000 
11 12 0.010000 
11 13 0.100000 
11 14 0.100000 
11 15 720.079944 
11 16 84.652554 
11 17 23.917306 
11 18 10.945584 
11 19 10.950317 
11 20 1217.776351 
12 0 0.000000 
12 1 0.010000 
12 2 0.010000 
12 3 0.010000 
12 4 0.010000 
12 5 0.010000 
12 6 0.010000 
12 7 0.010000 
12 8 0.010000 
12 9 0.100000 
12 10 0.100000 
12 11 0.010000 
12 12 0.100000 
12 13 0.100000 
12 14 441.015016 
12 15 102.525681 
12 16 27.133613 
12 17 13.929346 
12 18 18.910098 
12 19 653.594987 
12 20 0.010000 
13 0 0.000000 
13 1 0.010000 
13 2 0.010000 
13 3 0.010000 
13 4 0.010000 
13 5 0.010000 
13 6 0.010000 
13 7 0.010000 
13 8 0.010000 
13 9 0.100000 
13 10 0.100000 
13 11 0.100000 
13 12 0.100000 
13 13 97.672385 
13 14 34.403177 
13 15 16.846376 
13 16 13.622055 
13 17 24.927770 
13 18 1567.256034 
13 19 0.100000 
13 20 0.010000 
14 0 0.000000 
14 1 0.010000 
14 2 0.010000 
14 3 0.010000 
14 4 0.010000 
14 5 0.010000 
14 6 0.010000 
14 7 0.010000 
14 8 0.010000 
14 9 0.100000 
14 10 0.100000 
14 11 0.100000 
14 12 36.947190 
14 13 14.149206 
14 14 6.320273 
14 15 5.401821 
14 16 13.096492 
14 17 1787.541083 
14 18 0.010000 
14 19 0.010000 
14 20 0.010000 
15 0 0.000000 
15 1 0.010000 
15 2 0.010000 
15 3 0.010000 
15 4 0.010000 
15 5 0.010000 
15 6 0.010000 
15 7 0.100000 
15 8 0.100000 
15 9 0.100000 
15 10 0.100000 
15 11 15.581109 
15 12 7.661362 
15 13 4.622588 
15 14 3.196392 
15 15 4.729101 
15 16 905.792527 
15 17 0.010000 
15 18 0.010000 
15 19 0.010000 
15 20 0.010000 
16 0 0.000000 
16 1 0.010000 
16 2 0.010000 
16 3 0.010000 
16 4 0.010000 
16 5 0.010000 
16 6 0.010000 
16 7 0.100000 
16 8 0.100000 
16 9 0.100000 
16 10 11.860469 
16 11 3.652983 
16 12 2.372412 
16 13 3.173996 
16 14 5.943231 
16 15 1044.063416 
16 16 0.010000 
16 17 0.010000 
16 18 0.010000 
16 19 0.010000 
16 20 0.010000 
17 0 0.000000 
17 1 0.010000 
17 2 0.010000 
17 3 0.010000 
17 4 0.010000 
17 5 0.010000 
17 6 0.010000 
17 7 0.100000 
17 8 0.100000 
17 9 19.038008 
17 10 3.640818 
17 11 1.351506 
17 12 1.175437 
17 13 4.878783 
17 14 1295.436180 
17 15 0.010000 
17 16 0.010000 
17 17 0.010000 
17 18 0.010000 
17 19 0.010000 
17 20 0.010000 
18 0 0.000000 
18 1 0.010000 
18 2 0.010000 
18 3 0.010000 
18 4 0.010000 
18 5 0.010000 
18 6 0.100000 
18 7 0.100000 
18 8 83.441802 
18 9 6.576021 
18 10 1.772595 
18 11 1.000000 
18 12 1.301862 
18 13 459.698334 
18 14 0.100000 
18 15 0.010000 
18 16 0.010000 
18 17 0.010000 
18 18 0.010000 
18 19 0.010000 
18 20 0.010000 
19 0 0.000000 
19 1 0.010000 
19 2 0.010000 
19 3 0.010000 
19 4 0.010000 
19 5 0.100000 
19 6 0.100000 
19 7 152.848693 
19 8 18.558770 
19 9 2.947111 
19 10 1.403364 
19 11 2.318357 
19 12 432.115259 
19 13 0.010000 
19 14 0.010000 
19 15 0.010000 
19 16 0.010000 
19 17 0.010000 
19 18 0.010000 
19 19 0.010000 
19 20 0.010000 
20 0 0.000000 
20 1 0.010000 
20 2 0.010000 
20 3 0.010000 
20 4 0.010000 
20 5 0.100000 
20 6 117.470174 
20 7 21.401025 
20 8 4.517807 
20 9 1.905640 
20 10 2.208325 
20 11 456.464562 
20 12 0.010000 
20 13 0.010000 
20 14 0.010000 
20 15 0.010000 
20 16 0.010000 
20 17 0.010000 
20 18 0.010000 
20 19 0.010000 
20 20 0.010000 
21 0 0.000000 
21 1 0.010000 
21 2 0.010000 
21 3 0.100000 
21 4 0.100000 
21 5 64.025180 
21 6 13.698336 
21 7 4.322545 
21 8 2.098231 
21 9 2.605180 
21 10 359.029190 
21 11 0.010000 
21 12 0.010000 
21 13 0.010000 
21 14 0.010000 
21 15 0.010000 
21 16 0.010000 
21 17 0.010000 
21 18 0.010000 
21 19 0.010000 
21 20 0.010000 
22 0 0.000000 
22 1 0.100000 
22 2 0.100000 
22 3 0.100000 
22 4 166.355195 
22 5 12.064683 
22 6 3.025765 
22 7 1.782572 
22 8 2.613880 
22 9 295.371993 
22 10 0.100000 
22 11 0.010000 
22 12 0.010000 
22 13 0.010000 
22 14 0.010000 
22 15 0.010000 
22 16 0.010000 
22 17 0.010000 
22 18 0.010000 
22 19 0.010000 
22 20 0.010000 
23 0 0.000000 
23 1 0.100000 
23 2 0.100000 
23 3 62.500030 
23 4 28.274377 
23 5 4.765866 
23 6 1.729686 
23 7 1.992170 
23 8 295.766746 
23 9 0.010000 
23 10 0.010000 
23 11 0.010000 
23 12 0.010000 
23 13 0.010000 
23 14 0.010000 
23 15 0.010000 
23 16 0.010000 
23 17 0.010000 
23 18 0.010000 
23 19 0.010000 
23 20 0.010000 
24 0 0.000000 
24 1 0.000000 
24 2 0.000000 
24 3 0.000000 
24 4 0.000000 
24 5 0.000000 
24 6 0.000000 
24 7 0.000000 
24 8 0.000000 
24 9 0.000000 
24 10 0.000000 
24 11 0.000000 
24 12 0.000000 
24 13 0.000000 
24 14 0.000000 
24 15 0.000000 
24 16 0.000000 
24 17 0.000000 
24 18 0.000000 
24 19 0.000000 
24 20 0.000000 
25 0 0.000000 
25 1 0.000000 
25 2 0.000000 
25 3 0.000000 
25 4 0.000000 
25 5 0.000000 
25 6 0.000000 
25 7 0.000000 
25 8 0.000000 
25 9 0.000000 
25 10 0.000000 
25 11 0.000000 
25 12 0.000000 
25 13 0.000000 
25 14 0.000000 
25 15 0.000000 
25 16 0.000000 
25 17 0.000000 
25 18 0.000000 
25 19 0.000000 
25 20 0.000000 
26 0 0.000000 
26 1 0.000000 
26 2 0.000000 
26 3 0.000000 
26 4 0.000000 
26 5 0.000000 
26 6 0.000000 
26 7 0.000000 
26 8 0.000000 
26 9 0.000000 
26 10 0.000000 
26 11 0.000000 
26 12 0.000000 
26 13 0.000000 
26 14 0.000000 
26 15 0.000000 
26 16 0.000000 
26 17 0.000000 
26 18 0.000000 
26 19 0.000000 
26 20 0.000000 
27 0 0.000000 
27 1 0.000000 
27 2 0.000000 
27 3 0.000000 
27 4 0.000000 
27 5 0.000000 
27 6 0.000000 
27 7 0.000000 
27 8 0.000000 
27 9 0.000000 
27 10 0.000000 
27 11 0.000000 
27 12 0.000000 
27 13 0.000000 
27 14 0.000000 
27 15 0.000000 
27 16 0.000000 
27 17 0.000000 
27 18 0.000000 
27 19 0.000000 
27 20 0.000000 
