        0.0000  -1.531258   0.291605  -1.239653 
      500.0000  -1.533001   0.293311  -1.239691 
     1000.0000  -1.536901   0.297903  -1.238998 
     1500.0000  -1.540050   0.300009  -1.240041 
     2000.0000  -1.536222   0.297331  -1.238891 
     2500.0000  -1.539484   0.294721  -1.244763 
     3000.0000  -1.546150   0.301337  -1.244814 
     3500.0000  -1.540055   0.293503  -1.246551 
     4000.0000  -1.541690   0.292843  -1.248847 
     4500.0000  -1.537507   0.289100  -1.248407 
     5000.0000  -1.535213   0.290901  -1.244312 
     5500.0000  -1.536601   0.295750  -1.240851 
     6000.0000  -1.543947   0.284756  -1.259191 
     6500.0000  -1.544890   0.299957  -1.244933 
     7000.0000  -1.543052   0.293379  -1.249673 
     7500.0000  -1.536457   0.290238  -1.246219 
     8000.0000  -1.542906   0.294456  -1.248450 
     8500.0000  -1.539129   0.296480  -1.242648 
     9000.0000  -1.542747   0.293137  -1.249610 
     9500.0000  -1.541630   0.291299  -1.250330 
    10000.0000  -1.540163   0.295979  -1.244184 
    10500.0000  -1.543831   0.293609  -1.250223 
    11000.0000  -1.542102   0.288166  -1.253936 
    11500.0000  -1.542547   0.292621  -1.249925 
    12000.0000  -1.549416   0.290938  -1.258479 
    12500.0000  -1.539029   0.298268  -1.240762 
    13000.0000  -1.543477   0.295647  -1.247831 
    13500.0000  -1.543109   0.296703  -1.246406 
    14000.0000  -1.545679   0.293544  -1.252135 
    14500.0000  -1.540824   0.290378  -1.250446 
    15000.0000  -1.533584   0.296226  -1.237358 
    15500.0000  -1.543753   0.290372  -1.253381 
    16000.0000  -1.540332   0.292730  -1.247602 
    16500.0000  -1.536129   0.288155  -1.247973 
    17000.0000  -1.548152   0.295697  -1.252455 
    17500.0000  -1.538907   0.294199  -1.244708 
    18000.0000  -1.541123   0.293278  -1.247845 
    18500.0000  -1.539502   0.289589  -1.249913 
    19000.0000  -1.539615   0.287753  -1.251862 
    19500.0000  -1.538278   0.287956  -1.250322 
    20000.0000  -1.538430   0.293084  -1.245346 
    20500.0000  -1.546398   0.292082  -1.254316 
    21000.0000  -1.538059   0.300014  -1.238045 
    21500.0000  -1.539089   0.302394  -1.236695 
    22000.0000  -1.543309   0.293191  -1.250118 
    22500.0000  -1.531283   0.302138  -1.229145 
    23000.0000  -1.542098   0.290579  -1.251519 
    23500.0000  -1.541032   0.297831  -1.243201 
    24000.0000  -1.537361   0.298415  -1.238946 
    24500.0000  -1.547655   0.299413  -1.248242 
    25000.0000  -1.541515   0.297070  -1.244445 
    25500.0000  -1.550002   0.291578  -1.258425 
    26000.0000  -1.542608   0.295299  -1.247309 
    26500.0000  -1.537019   0.293539  -1.243480 
    27000.0000  -1.541480   0.289007  -1.252473 
    27500.0000  -1.546753   0.292472  -1.254282 
    28000.0000  -1.534637   0.294006  -1.240631 
    28500.0000  -1.542657   0.291451  -1.251206 
    29000.0000  -1.540249   0.291912  -1.248337 
    29500.0000  -1.541524   0.296402  -1.245122 
    30000.0000  -1.543057   0.294097  -1.248960 
    30500.0000  -1.532527   0.295009  -1.237518 
    31000.0000  -1.537968   0.287754  -1.250214 
    31500.0000  -1.547094   0.299302  -1.247792 
    32000.0000  -1.541778   0.292587  -1.249191 
    32500.0000  -1.529464   0.295434  -1.234030 
    33000.0000  -1.537049   0.292958  -1.244091 
    33500.0000  -1.544486   0.288844  -1.255642 
    34000.0000  -1.533201   0.292300  -1.240901 
    34500.0000  -1.544642   0.291587  -1.253055 
    35000.0000  -1.536608   0.297209  -1.239400 
    35500.0000  -1.540557   0.294943  -1.245614 
    36000.0000  -1.540072   0.293105  -1.246967 
    36500.0000  -1.539204   0.296227  -1.242977 
    37000.0000  -1.543721   0.295229  -1.248492 
    37500.0000  -1.538265   0.292628  -1.245637 
    38000.0000  -1.544498   0.298508  -1.245990 
    38500.0000  -1.534424   0.293446  -1.240979 
    39000.0000  -1.540011   0.293235  -1.246775 
    39500.0000  -1.543698   0.291272  -1.252426 
    40000.0000  -1.540886   0.291163  -1.249723 
    40500.0000  -1.541556   0.298572  -1.242984 
    41000.0000  -1.544240   0.298720  -1.245520 
    41500.0000  -1.543801   0.295514  -1.248288 
    42000.0000  -1.542913   0.296831  -1.246083 
    42500.0000  -1.545321   0.295910  -1.249412 
    43000.0000  -1.535821   0.298738  -1.237083 
    43500.0000  -1.537874   0.289648  -1.248226 
    44000.0000  -1.547832   0.286189  -1.261643 
    44500.0000  -1.546859   0.291231  -1.255628 
    45000.0000  -1.542497   0.296068  -1.246430 
    45500.0000  -1.537685   0.294416  -1.243269 
    46000.0000  -1.544988   0.302218  -1.242770 
    46500.0000  -1.544498   0.292127  -1.252371 
    47000.0000  -1.539012   0.295599  -1.243412 
    47500.0000  -1.542618   0.296133  -1.246486 
    48000.0000  -1.540660   0.295483  -1.245177 
    48500.0000  -1.537686   0.292944  -1.244741 
    49000.0000  -1.546365   0.286831  -1.259534 
    49500.0000  -1.536730   0.291512  -1.245218 
    50000.0000  -1.543606   0.284452  -1.259154 
    50500.0000  -1.538164   0.294978  -1.243186 
    51000.0000  -1.547781   0.300250  -1.247531 
    51500.0000  -1.545799   0.298749  -1.247050 
    52000.0000  -1.537943   0.293024  -1.244919 
    52500.0000  -1.539806   0.292109  -1.247697 
    53000.0000  -1.536603   0.297313  -1.239289 
    53500.0000  -1.538739   0.295201  -1.243538 
    54000.0000  -1.540283   0.298081  -1.242202 
    54500.0000  -1.546487   0.294314  -1.252173 
    55000.0000  -1.546784   0.295848  -1.250936 
    55500.0000  -1.540142   0.298638  -1.241504 
    56000.0000  -1.539594   0.293326  -1.246268 
    56500.0000  -1.540331   0.295684  -1.244647 
    57000.0000  -1.539982   0.296293  -1.243689 
    57500.0000  -1.542260   0.292083  -1.250177 
    58000.0000  -1.548055   0.299794  -1.248262 
    58500.0000  -1.542422   0.296958  -1.245463 
    59000.0000  -1.541325   0.291969  -1.249356 
    59500.0000  -1.544942   0.292774  -1.252169 
    60000.0000  -1.539475   0.295112  -1.244362 
    60500.0000  -1.550533   0.298523  -1.252010 
    61000.0000  -1.539255   0.291767  -1.247489 
    61500.0000  -1.542627   0.296815  -1.245813 
    62000.0000  -1.549883   0.299048  -1.250834 
    62500.0000  -1.543123   0.292921  -1.250202 
    63000.0000  -1.543178   0.290726  -1.252451 
    63500.0000  -1.544472   0.300141  -1.244331 
    64000.0000  -1.543641   0.294797  -1.248844 
    64500.0000  -1.543589   0.296626  -1.246963 
    65000.0000  -1.536653   0.295332  -1.241321 
    65500.0000  -1.538583   0.300327  -1.238256 
    66000.0000  -1.539924   0.297816  -1.242107 
    66500.0000  -1.542124   0.294687  -1.247437 
    67000.0000  -1.537797   0.295785  -1.242012 
    67500.0000  -1.540124   0.297708  -1.242416 
    68000.0000  -1.539422   0.292621  -1.246801 
    68500.0000  -1.542560   0.296523  -1.246037 
    69000.0000  -1.536876   0.294472  -1.242404 
    69500.0000  -1.532820   0.294648  -1.238172 
    70000.0000  -1.536490   0.301888  -1.234602 
    70500.0000  -1.541458   0.297672  -1.243786 
    71000.0000  -1.535740   0.293837  -1.241903 
    71500.0000  -1.533849   0.292379  -1.241470 
    72000.0000  -1.545602   0.297926  -1.247675 
    72500.0000  -1.541581   0.294144  -1.247437 
    73000.0000  -1.534268   0.294818  -1.239450 
    73500.0000  -1.546831   0.293104  -1.253727 
    74000.0000  -1.532900   0.298304  -1.234597 
    74500.0000  -1.544155   0.294516  -1.249639 
    75000.0000  -1.541187   0.302624  -1.238564 
    75500.0000  -1.537986   0.289649  -1.248337 
    76000.0000  -1.532478   0.294828  -1.237650 
    76500.0000  -1.540517   0.293841  -1.246676 
    77000.0000  -1.544270   0.294664  -1.249606 
    77500.0000  -1.542710   0.289218  -1.253493 
    78000.0000  -1.541299   0.292405  -1.248893 
    78500.0000  -1.538433   0.288718  -1.249715 
    79000.0000  -1.548642   0.295228  -1.253414 
    79500.0000  -1.545240   0.296584  -1.248656 
    80000.0000  -1.537172   0.295465  -1.241707 
    80500.0000  -1.543591   0.291575  -1.252016 
    81000.0000  -1.542618   0.294507  -1.248111 
    81500.0000  -1.541853   0.295029  -1.246824 
    82000.0000  -1.545463   0.295272  -1.250191 
    82500.0000  -1.546364   0.298359  -1.248005 
    83000.0000  -1.545606   0.298904  -1.246702 
    83500.0000  -1.535559   0.298617  -1.236942 
    84000.0000  -1.538223   0.295755  -1.242469 
    84500.0000  -1.543238   0.291390  -1.251848 
    85000.0000  -1.533709   0.291186  -1.242523 
    85500.0000  -1.534764   0.288607  -1.246157 
    86000.0000  -1.532255   0.293639  -1.238616 
    86500.0000  -1.551675   0.291094  -1.260580 
    87000.0000  -1.538755   0.293329  -1.245426 
    87500.0000  -1.547960   0.290901  -1.257059 
    88000.0000  -1.537795   0.295607  -1.242189 
    88500.0000  -1.541867   0.295761  -1.246106 
    89000.0000  -1.535314   0.291611  -1.243703 
    89500.0000  -1.539437   0.288559  -1.250878 
    90000.0000  -1.539242   0.292119  -1.247123 
    90500.0000  -1.538621   0.287593  -1.251028 
    91000.0000  -1.541246   0.290579  -1.250667 
    91500.0000  -1.538081   0.297528  -1.240553 
    92000.0000  -1.536378   0.296110  -1.240268 
    92500.0000  -1.542217   0.290862  -1.251356 
    93000.0000  -1.535959   0.295395  -1.240564 
    93500.0000  -1.545178   0.296441  -1.248737 
    94000.0000  -1.535621   0.297843  -1.237778 
    94500.0000  -1.529633   0.289677  -1.239955 
    95000.0000  -1.538257   0.289976  -1.248281 
    95500.0000  -1.537656   0.296276  -1.241380 
    96000.0000  -1.543417   0.296951  -1.246466 
    96500.0000  -1.534062   0.294480  -1.239582 
    97000.0000  -1.539559   0.297874  -1.241685 
    97500.0000  -1.541012   0.294044  -1.246968 
    98000.0000  -1.544464   0.290278  -1.254187 
    98500.0000  -1.547114   0.292373  -1.254741 
    99000.0000  -1.545054   0.290756  -1.254298 
    99500.0000  -1.547188   0.291354  -1.255834 
   100000.0000  -1.540230   0.297483  -1.242747 
   100500.0000  -1.540900   0.294928  -1.245972 
   101000.0000  -1.541814   0.296396  -1.245419 
   101500.0000  -1.541455   0.296852  -1.244602 
   102000.0000  -1.529830   0.293173  -1.236657 
   102500.0000  -1.536681   0.292361  -1.244320 
   103000.0000  -1.533793   0.288409  -1.245385 
   103500.0000  -1.534943   0.295296  -1.239646 
   104000.0000  -1.543047   0.292013  -1.251034 
   104500.0000  -1.545599   0.290646  -1.254953 
   105000.0000  -1.547144   0.287422  -1.259722 
   105500.0000  -1.542022   0.299696  -1.242326 
   106000.0000  -1.537481   0.293971  -1.243510 
   106500.0000  -1.545861   0.295816  -1.250045 
   107000.0000  -1.543176   0.296626  -1.246550 
   107500.0000  -1.546389   0.294448  -1.251941 
   108000.0000  -1.539150   0.294693  -1.244457 
   108500.0000  -1.546850   0.293072  -1.253778 
   109000.0000  -1.543079   0.296599  -1.246481 
   109500.0000  -1.544690   0.290896  -1.253794 
   110000.0000  -1.536507   0.299572  -1.236935 
   110500.0000  -1.544972   0.295420  -1.249552 
   111000.0000  -1.543224   0.290069  -1.253154 
   111500.0000  -1.532407   0.289203  -1.243204 
   112000.0000  -1.535896   0.294722  -1.241174 
   112500.0000  -1.539597   0.289663  -1.249934 
   113000.0000  -1.541818   0.288703  -1.253115 
   113500.0000  -1.543471   0.291222  -1.252249 
   114000.0000  -1.536661   0.288124  -1.248537 
   114500.0000  -1.540914   0.296667  -1.244248 
   115000.0000  -1.548789   0.296208  -1.252581 
   115500.0000  -1.542021   0.295587  -1.246434 
   116000.0000  -1.546738   0.298997  -1.247741 
   116500.0000  -1.541297   0.297635  -1.243662 
   117000.0000  -1.537513   0.292520  -1.244992 
   117500.0000  -1.539243   0.303110  -1.236134 
   118000.0000  -1.539474   0.294553  -1.244921 
   118500.0000  -1.536632   0.294445  -1.242187 
   119000.0000  -1.540453   0.298803  -1.241649 
   119500.0000  -1.541177   0.300986  -1.240191 
   120000.0000  -1.538919   0.296772  -1.242147 
   120500.0000  -1.549208   0.297274  -1.251934 
   121000.0000  -1.542760   0.294791  -1.247969 
   121500.0000  -1.543726   0.296660  -1.247065 
   122000.0000  -1.540007   0.294861  -1.245147 
   122500.0000  -1.531521   0.295097  -1.236424 
   123000.0000  -1.541772   0.290498  -1.251274 
   123500.0000  -1.544129   0.294065  -1.250064 
   124000.0000  -1.557521   0.291099  -1.266422 
   124500.0000  -1.537156   0.295829  -1.241328 
   125000.0000  -1.535132   0.306680  -1.228452 
   125500.0000  -1.540912   0.299392  -1.241520 
   126000.0000  -1.527757   0.295354  -1.232402 
   126500.0000  -1.535987   0.293588  -1.242399 
   127000.0000  -1.542586   0.292452  -1.250134 
   127500.0000  -1.545048   0.295300  -1.249748 
   128000.0000  -1.544968   0.287831  -1.257137 
   128500.0000  -1.548748   0.295251  -1.253497 
   129000.0000  -1.548307   0.297790  -1.250518 
   129500.0000  -1.533673   0.299019  -1.234654 
   130000.0000  -1.542112   0.295237  -1.246875 
   130500.0000  -1.545917   0.292059  -1.253858 
   131000.0000  -1.545872   0.291894  -1.253978 
   131500.0000  -1.535255   0.297933  -1.237322 
   132000.0000  -1.530922   0.291828  -1.239094 
   132500.0000  -1.539863   0.290041  -1.249822 
   133000.0000  -1.537061   0.301216  -1.235845 
   133500.0000  -1.540816   0.295621  -1.245194 
   134000.0000  -1.542557   0.296544  -1.246013 
   134500.0000  -1.530183   0.300162  -1.230021 
   135000.0000  -1.533950   0.298639  -1.235311 
   135500.0000  -1.541525   0.296634  -1.244891 
   136000.0000  -1.538335   0.299543  -1.238792 
   136500.0000  -1.543751   0.300265  -1.243486 
   137000.0000  -1.539401   0.293714  -1.245687 
   137500.0000  -1.546620   0.291751  -1.254870 
   138000.0000  -1.538368   0.298809  -1.239559 
   138500.0000  -1.545355   0.291596  -1.253759 
   139000.0000  -1.537964   0.293883  -1.244081 
   139500.0000  -1.535764   0.292333  -1.243431 
   140000.0000  -1.539398   0.298093  -1.241305 
   140500.0000  -1.535745   0.294757  -1.240988 
   141000.0000  -1.534464   0.295253  -1.239211 
   141500.0000  -1.542945   0.293193  -1.249752 
   142000.0000  -1.535347   0.288541  -1.246807 
   142500.0000  -1.538286   0.293702  -1.244584 
   143000.0000  -1.536719   0.296285  -1.240434 
   143500.0000  -1.541349   0.291635  -1.249714 
   144000.0000  -1.541976   0.299478  -1.242498 
   144500.0000  -1.535517   0.293683  -1.241834 
   145000.0000  -1.538356   0.284253  -1.254103 
   145500.0000  -1.537552   0.291746  -1.245806 
   146000.0000  -1.532723   0.291003  -1.241720 
   146500.0000  -1.539526   0.295879  -1.243647 
   147000.0000  -1.533174   0.285282  -1.247892 
   147500.0000  -1.540330   0.292961  -1.247369 
   148000.0000  -1.540013   0.289594  -1.250419 
   148500.0000  -1.547681   0.295364  -1.252317 
   149000.0000  -1.537805   0.295332  -1.242472 
   149500.0000  -1.540762   0.293850  -1.246912 
   150000.0000  -1.548815   0.293040  -1.255775 
   150500.0000  -1.539897   0.293739  -1.246157 
   151000.0000  -1.545124   0.291685  -1.253439 
   151500.0000  -1.546297   0.292568  -1.253729 
   152000.0000  -1.543473   0.293944  -1.249529 
   152500.0000  -1.538127   0.290618  -1.247509 
   153000.0000  -1.540401   0.289161  -1.251240 
   153500.0000  -1.541028   0.299990  -1.241038 
   154000.0000  -1.544468   0.291807  -1.252661 
   154500.0000  -1.541161   0.295649  -1.245512 
   155000.0000  -1.541276   0.294538  -1.246738 
   155500.0000  -1.533501   0.291956  -1.241544 
   156000.0000  -1.544995   0.292989  -1.252006 
   156500.0000  -1.542862   0.297232  -1.245630 
   157000.0000  -1.541994   0.296602  -1.245392 
   157500.0000  -1.541623   0.295395  -1.246228 
   158000.0000  -1.543926   0.294391  -1.249535 
   158500.0000  -1.542507   0.294434  -1.248073 
   159000.0000  -1.536197   0.293154  -1.243043 
   159500.0000  -1.545919   0.290371  -1.255548 
   160000.0000  -1.538554   0.289104  -1.249451 
   160500.0000  -1.537272   0.293208  -1.244064 
   161000.0000  -1.546879   0.292515  -1.254364 
   161500.0000  -1.544493   0.293189  -1.251304 
   162000.0000  -1.546615   0.298672  -1.247942 
   162500.0000  -1.545805   0.292025  -1.253780 
   163000.0000  -1.536643   0.296211  -1.240433 
   163500.0000  -1.533746   0.292894  -1.240852 
   164000.0000  -1.542595   0.289588  -1.253007 
   164500.0000  -1.535941   0.293615  -1.242326 
   165000.0000  -1.544061   0.296125  -1.247936 
   165500.0000  -1.535011   0.290477  -1.244534 
   166000.0000  -1.542357   0.296963  -1.245394 
   166500.0000  -1.545855   0.295437  -1.250419 
   167000.0000  -1.534517   0.296512  -1.238006 
   167500.0000  -1.538399   0.292212  -1.246187 
   168000.0000  -1.537561   0.298977  -1.238583 
   168500.0000  -1.538415   0.293235  -1.245181 
   169000.0000  -1.545399   0.291825  -1.253574 
   169500.0000  -1.538902   0.289501  -1.249401 
   170000.0000  -1.537879   0.292452  -1.245428 
   170500.0000  -1.541854   0.292222  -1.249633 
   171000.0000  -1.545577   0.298747  -1.246830 
   171500.0000  -1.537115   0.296131  -1.240984 
   172000.0000  -1.539201   0.291011  -1.248190 
   172500.0000  -1.543260   0.296355  -1.246905 
   173000.0000  -1.538202   0.292101  -1.246100 
   173500.0000  -1.544174   0.295683  -1.248491 
   174000.0000  -1.540280   0.294649  -1.245631 
   174500.0000  -1.546575   0.290989  -1.255586 
   175000.0000  -1.544274   0.291727  -1.252547 
   175500.0000  -1.541867   0.289474  -1.252393 
   176000.0000  -1.546587   0.292736  -1.253850 
   176500.0000  -1.543924   0.295269  -1.248654 
   177000.0000  -1.533217   0.291575  -1.241642 
   177500.0000  -1.544007   0.297394  -1.246613 
   178000.0000  -1.534128   0.295606  -1.238522 
   178500.0000  -1.540378   0.296352  -1.244026 
   179000.0000  -1.541302   0.298177  -1.243125 
   179500.0000  -1.533537   0.290779  -1.242758 
   180000.0000  -1.535221   0.297131  -1.238090 
   180500.0000  -1.538728   0.299286  -1.239443 
   181000.0000  -1.539543   0.293892  -1.245651 
   181500.0000  -1.536438   0.298498  -1.237940 
   182000.0000  -1.541351   0.293901  -1.247449 
   182500.0000  -1.543530   0.291019  -1.252511 
   183000.0000  -1.540040   0.292562  -1.247478 
   183500.0000  -1.539031   0.289617  -1.249414 
   184000.0000  -1.540423   0.291403  -1.249019 
   184500.0000  -1.540258   0.299510  -1.240747 
   185000.0000  -1.542600   0.296116  -1.246484 
   185500.0000  -1.547094   0.289625  -1.257469 
   186000.0000  -1.539961   0.291341  -1.248620 
   186500.0000  -1.535753   0.293212  -1.242541 
   187000.0000  -1.542693   0.299539  -1.243154 
   187500.0000  -1.546331   0.300636  -1.245695 
   188000.0000  -1.548776   0.297897  -1.250879 
   188500.0000  -1.546282   0.297193  -1.249089 
   189000.0000  -1.541701   0.291620  -1.250081 
   189500.0000  -1.543685   0.294658  -1.249026 
   190000.0000  -1.541967   0.292674  -1.249293 
   190500.0000  -1.541058   0.297701  -1.243357 
   191000.0000  -1.545566   0.288566  -1.257000 
   191500.0000  -1.547315   0.285364  -1.261951 
   192000.0000  -1.538679   0.295163  -1.243516 
   192500.0000  -1.539853   0.304805  -1.235048 
   193000.0000  -1.538422   0.298142  -1.240280 
   193500.0000  -1.535129   0.298827  -1.236303 
   194000.0000  -1.541423   0.296559  -1.244864 
   194500.0000  -1.541875   0.290943  -1.250932 
   195000.0000  -1.543644   0.298117  -1.245526 
   195500.0000  -1.539826   0.291939  -1.247886 
   196000.0000  -1.534736   0.292808  -1.241928 
   196500.0000  -1.537618   0.292424  -1.245194 
   197000.0000  -1.540345   0.294813  -1.245532 
   197500.0000  -1.542186   0.293787  -1.248399 
   198000.0000  -1.549703   0.292393  -1.257310 
   198500.0000  -1.546099   0.297774  -1.248326 
   199000.0000  -1.545127   0.301742  -1.243385 
   199500.0000  -1.547713   0.298073  -1.249640 
   200000.0000  -1.539671   0.295742  -1.243929 
   200500.0000  -1.545519   0.294173  -1.251345 
   201000.0000  -1.542380   0.293925  -1.248454 
   201500.0000  -1.538865   0.288854  -1.250011 
   202000.0000  -1.546176   0.294708  -1.251468 
   202500.0000  -1.545014   0.290278  -1.254736 
   203000.0000  -1.533089   0.292550  -1.240538 
   203500.0000  -1.541913   0.290942  -1.250971 
   204000.0000  -1.547041   0.292524  -1.254517 
   204500.0000  -1.544892   0.296007  -1.248885 
   205000.0000  -1.535060   0.291162  -1.243898 
   205500.0000  -1.548074   0.290024  -1.258050 
   206000.0000  -1.537774   0.290161  -1.247613 
   206500.0000  -1.542089   0.294512  -1.247577 
   207000.0000  -1.538363   0.293979  -1.244385 
   207500.0000  -1.539679   0.299087  -1.240593 
   208000.0000  -1.542657   0.290812  -1.251845 
   208500.0000  -1.541617   0.297931  -1.243686 
   209000.0000  -1.538563   0.297730  -1.240834 
   209500.0000  -1.542493   0.296907  -1.245586 
   210000.0000  -1.539931   0.290644  -1.249287 
   210500.0000  -1.546654   0.294212  -1.252443 
   211000.0000  -1.546168   0.294701  -1.251467 
   211500.0000  -1.540324   0.283195  -1.257128 
   212000.0000  -1.538263   0.297102  -1.241162 
   212500.0000  -1.536503   0.294767  -1.241736 
   213000.0000  -1.540657   0.299533  -1.241124 
   213500.0000  -1.533224   0.299182  -1.234041 
   214000.0000  -1.537467   0.291981  -1.245485 
   214500.0000  -1.538947   0.293663  -1.245284 
   215000.0000  -1.543719   0.291267  -1.252453 
   215500.0000  -1.541664   0.287374  -1.254290 
   216000.0000  -1.535253   0.292692  -1.242561 
   216500.0000  -1.534651   0.298193  -1.236458 
   217000.0000  -1.544259   0.289234  -1.255026 
   217500.0000  -1.545773   0.298518  -1.247256 
   218000.0000  -1.544054   0.296565  -1.247490 
   218500.0000  -1.535435   0.293718  -1.241718 
   219000.0000  -1.536185   0.297933  -1.238251 
   219500.0000  -1.538427   0.294400  -1.244027 
   220000.0000  -1.547362   0.294028  -1.253334 
   220500.0000  -1.530858   0.291422  -1.239437 
   221000.0000  -1.536445   0.296799  -1.239645 
   221500.0000  -1.537459   0.295959  -1.241499 
   222000.0000  -1.541594   0.294175  -1.247419 
   222500.0000  -1.544378   0.296587  -1.247791 
   223000.0000  -1.544431   0.294241  -1.250190 
   223500.0000  -1.529918   0.301722  -1.228196 
   224000.0000  -1.540619   0.286669  -1.253950 
   224500.0000  -1.541879   0.293999  -1.247881 
   225000.0000  -1.540487   0.293034  -1.247452 
   225500.0000  -1.542519   0.293685  -1.248834 
   226000.0000  -1.537765   0.296559  -1.241206 
   226500.0000  -1.539079   0.290568  -1.248512 
   227000.0000  -1.536776   0.293326  -1.243451 
   227500.0000  -1.539007   0.292312  -1.246696 
   228000.0000  -1.545811   0.292915  -1.252896 
   228500.0000  -1.546079   0.296454  -1.249625 
   229000.0000  -1.538671   0.296332  -1.242339 
   229500.0000  -1.547152   0.294759  -1.252393 
   230000.0000  -1.536416   0.289146  -1.247269 
   230500.0000  -1.541654   0.300022  -1.241632 
   231000.0000  -1.538778   0.294100  -1.244678 
   231500.0000  -1.530850   0.295216  -1.235634 
   232000.0000  -1.532581   0.298078  -1.234503 
   232500.0000  -1.537059   0.295893  -1.241166 
   233000.0000  -1.540537   0.293032  -1.247504 
   233500.0000  -1.548126   0.296699  -1.251427 
   234000.0000  -1.532723   0.295678  -1.237045 
   234500.0000  -1.536029   0.293818  -1.242211 
   235000.0000  -1.542275   0.296770  -1.245504 
   235500.0000  -1.542231   0.299167  -1.243064 
   236000.0000  -1.532279   0.294603  -1.237676 
   236500.0000  -1.546197   0.293961  -1.252236 
   237000.0000  -1.540821   0.294135  -1.246686 
   237500.0000  -1.536888   0.297868  -1.239020 
   238000.0000  -1.543691   0.296853  -1.246838 
   238500.0000  -1.538464   0.291820  -1.246644 
   239000.0000  -1.550789   0.294148  -1.256641 
   239500.0000  -1.542008   0.290821  -1.251187 
   240000.0000  -1.538160   0.288704  -1.249456 
   240500.0000  -1.530561   0.296447  -1.234114 
   241000.0000  -1.540470   0.291424  -1.249046 
   241500.0000  -1.534227   0.295790  -1.238438 
   242000.0000  -1.533107   0.293544  -1.239563 
   242500.0000  -1.538178   0.295192  -1.242985 
   243000.0000  -1.533850   0.293602  -1.240248 
   243500.0000  -1.529202   0.294193  -1.235010 
   244000.0000  -1.539661   0.297042  -1.242618 
   244500.0000  -1.537039   0.298801  -1.238238 
   245000.0000  -1.542098   0.292019  -1.250079 
   245500.0000  -1.545768   0.296903  -1.248866 
   246000.0000  -1.542742   0.292081  -1.250661 
   246500.0000  -1.543093   0.295969  -1.247124 
   247000.0000  -1.539442   0.298273  -1.241169 
   247500.0000  -1.539662   0.291248  -1.248413 
   248000.0000  -1.542396   0.289965  -1.252431 
   248500.0000  -1.543092   0.300424  -1.242668 
   249000.0000  -1.537133   0.291740  -1.245393 
   249500.0000  -1.535671   0.294766  -1.240905 
   250000.0000  -1.539321   0.294704  -1.244618 
   250500.0000  -1.541042   0.299139  -1.241902 
   251000.0000  -1.541579   0.298340  -1.243239 
   251500.0000  -1.534615   0.294674  -1.239941 
   252000.0000  -1.539729   0.290204  -1.249526 
   252500.0000  -1.533763   0.293766  -1.239997 
   253000.0000  -1.541834   0.297175  -1.244659 
   253500.0000  -1.537848   0.292610  -1.245237 
   254000.0000  -1.538851   0.294417  -1.244433 
   254500.0000  -1.546114   0.291133  -1.254981 
   255000.0000  -1.544541   0.295441  -1.249100 
   255500.0000  -1.539185   0.291355  -1.247830 
   256000.0000  -1.536564   0.293049  -1.243515 
   256500.0000  -1.544383   0.290837  -1.253545 
   257000.0000  -1.541712   0.288939  -1.252773 
   257500.0000  -1.544280   0.291575  -1.252705 
   258000.0000  -1.541499   0.301527  -1.239972 
   258500.0000  -1.536515   0.295500  -1.241016 
   259000.0000  -1.540492   0.294659  -1.245832 
   259500.0000  -1.545312   0.298025  -1.247287 
   260000.0000  -1.539757   0.301624  -1.238133 
   260500.0000  -1.543216   0.302747  -1.240468 
   261000.0000  -1.542390   0.296765  -1.245626 
   261500.0000  -1.536708   0.295065  -1.241643 
   262000.0000  -1.541043   0.293900  -1.247143 
   262500.0000  -1.538757   0.297719  -1.241038 
   263000.0000  -1.540415   0.296171  -1.244244 
   263500.0000  -1.537339   0.297827  -1.239512 
   264000.0000  -1.546003   0.289681  -1.256322 
   264500.0000  -1.538203   0.293468  -1.244735 
   265000.0000  -1.545870   0.296226  -1.249644 
   265500.0000  -1.538158   0.292339  -1.245819 
   266000.0000  -1.544207   0.294482  -1.249725 
   266500.0000  -1.543063   0.294326  -1.248737 
   267000.0000  -1.538600   0.295798  -1.242802 
   267500.0000  -1.533761   0.299739  -1.234022 
   268000.0000  -1.540519   0.299053  -1.241466 
   268500.0000  -1.536491   0.295974  -1.240517 
   269000.0000  -1.548869   0.294463  -1.254406 
   269500.0000  -1.539700   0.295859  -1.243841 
   270000.0000  -1.542432   0.297448  -1.244983 
   270500.0000  -1.534439   0.296169  -1.238271 
   271000.0000  -1.542728   0.288887  -1.253841 
   271500.0000  -1.543082   0.295889  -1.247192 
   272000.0000  -1.537377   0.299157  -1.238220 
   272500.0000  -1.535414   0.299914  -1.235500 
   273000.0000  -1.543161   0.297562  -1.245600 
   273500.0000  -1.538572   0.296725  -1.241847 
   274000.0000  -1.544365   0.289215  -1.255150 
   274500.0000  -1.542026   0.295261  -1.246764 
   275000.0000  -1.536476   0.295252  -1.241224 
   275500.0000  -1.542146   0.295697  -1.246449 
   276000.0000  -1.537720   0.291435  -1.246285 
   276500.0000  -1.538130   0.295650  -1.242481 
   277000.0000  -1.542849   0.298716  -1.244133 
   277500.0000  -1.533644   0.292097  -1.241547 
   278000.0000  -1.541098   0.294544  -1.246554 
   278500.0000  -1.547765   0.298314  -1.249451 
   279000.0000  -1.533981   0.296468  -1.237513 
   279500.0000  -1.541853   0.299500  -1.242353 
   280000.0000  -1.537324   0.292917  -1.244407 
   280500.0000  -1.542319   0.296043  -1.246276 
   281000.0000  -1.543835   0.299101  -1.244734 
   281500.0000  -1.544812   0.287624  -1.257189 
   282000.0000  -1.543414   0.294975  -1.248439 
   282500.0000  -1.531033   0.294745  -1.236289 
   283000.0000  -1.541736   0.291182  -1.250554 
   283500.0000  -1.545181   0.298982  -1.246199 
   284000.0000  -1.531788   0.300810  -1.230977 
   284500.0000  -1.548025   0.300438  -1.247588 
   285000.0000  -1.542139   0.297743  -1.244396 
   285500.0000  -1.534875   0.301065  -1.233811 
   286000.0000  -1.530207   0.293992  -1.236215 
   286500.0000  -1.536397   0.288552  -1.247845 
   287000.0000  -1.539853   0.289629  -1.250224 
   287500.0000  -1.543038   0.293069  -1.249970 
   288000.0000  -1.549570   0.294399  -1.255171 
   288500.0000  -1.540267   0.293749  -1.246518 
   289000.0000  -1.543675   0.296742  -1.246933 
   289500.0000  -1.534173   0.298049  -1.236124 
   290000.0000  -1.535949   0.290983  -1.244966 
   290500.0000  -1.540135   0.294086  -1.246049 
   291000.0000  -1.550530   0.296857  -1.253673 
   291500.0000  -1.535622   0.299280  -1.236342 
   292000.0000  -1.548677   0.292319  -1.256358 
   292500.0000  -1.543667   0.288032  -1.255635 
   293000.0000  -1.539914   0.292946  -1.246969 
   293500.0000  -1.537880   0.296109  -1.241771 
   294000.0000  -1.540841   0.303486  -1.237354 
   294500.0000  -1.538869   0.296285  -1.242583 
   295000.0000  -1.537396   0.292543  -1.244853 
   295500.0000  -1.536346   0.303072  -1.233274 
   296000.0000  -1.541505   0.292116  -1.249388 
   296500.0000  -1.548511   0.295186  -1.253325 
   297000.0000  -1.540572   0.296391  -1.244181 
   297500.0000  -1.542967   0.288862  -1.254104 
   298000.0000  -1.547404   0.292074  -1.255330 
   298500.0000  -1.546192   0.292980  -1.253212 
   299000.0000  -1.531423   0.293663  -1.237760 
   299500.0000  -1.540239   0.292322  -1.247917 
   300000.0000  -1.541450   0.294463  -1.246987 
   300500.0000  -1.547822   0.291765  -1.256057 
   301000.0000  -1.540316   0.295139  -1.245177 
   301500.0000  -1.536009   0.293912  -1.242096 
   302000.0000  -1.538769   0.289344  -1.249426 
   302500.0000  -1.542671   0.294851  -1.247820 
   303000.0000  -1.545132   0.292386  -1.252746 
   303500.0000  -1.539755   0.293205  -1.246549 
   304000.0000  -1.552692   0.296109  -1.256582 
   304500.0000  -1.543122   0.297261  -1.245861 
   305000.0000  -1.545452   0.292592  -1.252859 
   305500.0000  -1.543091   0.292122  -1.250970 
   306000.0000  -1.549850   0.293027  -1.256823 
   306500.0000  -1.542101   0.291852  -1.250249 
   307000.0000  -1.539037   0.293508  -1.245529 
   307500.0000  -1.541572   0.294407  -1.247164 
   308000.0000  -1.534529   0.293490  -1.241039 
   308500.0000  -1.542267   0.295537  -1.246731 
   309000.0000  -1.543421   0.289022  -1.254400 
   309500.0000  -1.540687   0.302748  -1.237939 
   310000.0000  -1.549448   0.290348  -1.259100 
   310500.0000  -1.547772   0.295960  -1.251812 
   311000.0000  -1.543049   0.296676  -1.246373 
   311500.0000  -1.544361   0.297033  -1.247328 
   312000.0000  -1.537790   0.301303  -1.236487 
   312500.0000  -1.542021   0.294050  -1.247971 
   313000.0000  -1.540935   0.299628  -1.241307 
   313500.0000  -1.532082   0.297663  -1.234419 
   314000.0000  -1.539455   0.293663  -1.245791 
   314500.0000  -1.534666   0.300258  -1.234408 
   315000.0000  -1.545092   0.292124  -1.252968 
   315500.0000  -1.546438   0.296557  -1.249881 
   316000.0000  -1.541202   0.297712  -1.243490 
   316500.0000  -1.549498   0.288306  -1.261192 
   317000.0000  -1.543171   0.290510  -1.252661 
   317500.0000  -1.550450   0.300879  -1.249571 
   318000.0000  -1.537185   0.285199  -1.251986 
   318500.0000  -1.543644   0.289223  -1.254421 
   319000.0000  -1.536047   0.292666  -1.243381 
   319500.0000  -1.539852   0.291441  -1.248411 
   320000.0000  -1.536585   0.293228  -1.243358 
   320500.0000  -1.535681   0.294763  -1.240918 
   321000.0000  -1.539387   0.296847  -1.242540 
   321500.0000  -1.539545   0.300673  -1.238872 
   322000.0000  -1.537374   0.296749  -1.240626 
   322500.0000  -1.541897   0.297756  -1.244141 
   323000.0000  -1.537999   0.291092  -1.246907 
   323500.0000  -1.537521   0.295222  -1.242299 
   324000.0000  -1.544755   0.298879  -1.245876 
   324500.0000  -1.542299   0.293236  -1.249062 
   325000.0000  -1.544952   0.297928  -1.247024 
   325500.0000  -1.535142   0.304642  -1.230500 
   326000.0000  -1.534245   0.294776  -1.239469 
   326500.0000  -1.535646   0.295736  -1.239910 
   327000.0000  -1.543805   0.293567  -1.250238 
   327500.0000  -1.539344   0.296062  -1.243282 
   328000.0000  -1.544813   0.295924  -1.248889 
   328500.0000  -1.541219   0.293900  -1.247319 
   329000.0000  -1.539778   0.299373  -1.240405 
   329500.0000  -1.543354   0.293244  -1.250110 
   330000.0000  -1.536285   0.293908  -1.242377 
   330500.0000  -1.544274   0.290425  -1.253849 
   331000.0000  -1.537982   0.297386  -1.240596 
   331500.0000  -1.540369   0.291559  -1.248810 
   332000.0000  -1.537363   0.292409  -1.244954 
   332500.0000  -1.545589   0.297765  -1.247824 
   333000.0000  -1.537750   0.292279  -1.245471 
   333500.0000  -1.548187   0.293891  -1.254296 
   334000.0000  -1.536123   0.292811  -1.243312 
   334500.0000  -1.545396   0.293940  -1.251456 
   335000.0000  -1.540647   0.290432  -1.250215 
   335500.0000  -1.543577   0.295134  -1.248442 
   336000.0000  -1.535218   0.287826  -1.247392 
   336500.0000  -1.544910   0.294051  -1.250859 
   337000.0000  -1.532383   0.296297  -1.236086 
   337500.0000  -1.537398   0.294202  -1.243196 
   338000.0000  -1.540881   0.294839  -1.246042 
   338500.0000  -1.539710   0.292466  -1.247244 
   339000.0000  -1.547955   0.290592  -1.257363 
   339500.0000  -1.543830   0.295110  -1.248720 
   340000.0000  -1.536497   0.298257  -1.238240 
   340500.0000  -1.544296   0.296149  -1.248147 
   341000.0000  -1.541787   0.293929  -1.247859 
   341500.0000  -1.538243   0.293196  -1.245048 
   342000.0000  -1.538737   0.296984  -1.241754 
   342500.0000  -1.546852   0.293576  -1.253276 
   343000.0000  -1.534493   0.293750  -1.240743 
   343500.0000  -1.534574   0.291115  -1.243460 
   344000.0000  -1.540166   0.299829  -1.240337 
   344500.0000  -1.535384   0.290154  -1.245230 
   345000.0000  -1.539814   0.299475  -1.240339 
   345500.0000  -1.538119   0.291441  -1.246678 
   346000.0000  -1.544242   0.294691  -1.249551 
   346500.0000  -1.539832   0.291473  -1.248359 
   347000.0000  -1.543708   0.289671  -1.254036 
   347500.0000  -1.549053   0.288527  -1.260526 
   348000.0000  -1.537859   0.292842  -1.245017 
   348500.0000  -1.545542   0.294222  -1.251320 
   349000.0000  -1.542387   0.293194  -1.249193 
   349500.0000  -1.545766   0.296090  -1.249676 
   350000.0000  -1.538522   0.292735  -1.245787 
   350500.0000  -1.534794   0.294652  -1.240143 
   351000.0000  -1.545815   0.291752  -1.254063 
   351500.0000  -1.541797   0.299873  -1.241924 
   352000.0000  -1.540023   0.290650  -1.249373 
   352500.0000  -1.536740   0.297027  -1.239713 
   353000.0000  -1.536665   0.296386  -1.240279 
   353500.0000  -1.538051   0.295725  -1.242326 
   354000.0000  -1.545939   0.299831  -1.246108 
   354500.0000  -1.540884   0.294735  -1.246149 
   355000.0000  -1.540922   0.295588  -1.245334 
   355500.0000  -1.545089   0.297217  -1.247872 
   356000.0000  -1.542363   0.294477  -1.247886 
   356500.0000  -1.539822   0.298058  -1.241764 
   357000.0000  -1.538991   0.302582  -1.236409 
   357500.0000  -1.539788   0.298569  -1.241219 
   358000.0000  -1.541171   0.293337  -1.247835 
   358500.0000  -1.535428   0.294830  -1.240598 
   359000.0000  -1.542657   0.296965  -1.245692 
   359500.0000  -1.547803   0.289562  -1.258241 
   360000.0000  -1.540891   0.293505  -1.247385 
   360500.0000  -1.541767   0.298451  -1.243316 
   361000.0000  -1.536781   0.292967  -1.243814 
   361500.0000  -1.536891   0.296779  -1.240111 
   362000.0000  -1.546286   0.292941  -1.253345 
   362500.0000  -1.545846   0.295543  -1.250303 
   363000.0000  -1.542935   0.294197  -1.248738 
   363500.0000  -1.540401   0.295331  -1.245071 
   364000.0000  -1.546386   0.294214  -1.252171 
   364500.0000  -1.537889   0.296364  -1.241525 
   365000.0000  -1.547229   0.297275  -1.249954 
   365500.0000  -1.546835   0.292677  -1.254159 
   366000.0000  -1.544111   0.296495  -1.247616 
   366500.0000  -1.533825   0.292895  -1.240930 
   367000.0000  -1.543397   0.294505  -1.248892 
   367500.0000  -1.546937   0.293700  -1.253237 
   368000.0000  -1.538649   0.293392  -1.245257 
   368500.0000  -1.544632   0.296872  -1.247760 
   369000.0000  -1.540373   0.294911  -1.245462 
   369500.0000  -1.542006   0.290484  -1.251522 
   370000.0000  -1.533648   0.294539  -1.239109 
   370500.0000  -1.537045   0.289207  -1.247838 
   371000.0000  -1.535317   0.291699  -1.243617 
   371500.0000  -1.539349   0.295609  -1.243740 
   372000.0000  -1.538965   0.290184  -1.248781 
   372500.0000  -1.540085   0.293069  -1.247016 
   373000.0000  -1.539654   0.296842  -1.242812 
   373500.0000  -1.544648   0.293850  -1.250799 
   374000.0000  -1.536482   0.292465  -1.244017 
   374500.0000  -1.544213   0.298354  -1.245859 
   375000.0000  -1.546386   0.296482  -1.249905 
   375500.0000  -1.540600   0.289647  -1.250953 
   376000.0000  -1.537807   0.292820  -1.244987 
   376500.0000  -1.538623   0.302692  -1.235930 
   377000.0000  -1.535358   0.293224  -1.242134 
   377500.0000  -1.540134   0.292852  -1.247282 
   378000.0000  -1.546228   0.299753  -1.246476 
   378500.0000  -1.545246   0.297025  -1.248221 
   379000.0000  -1.544382   0.297310  -1.247072 
   379500.0000  -1.540232   0.289498  -1.250734 
   380000.0000  -1.546644   0.296790  -1.249854 
   380500.0000  -1.538874   0.291946  -1.246927 
   381000.0000  -1.537828   0.297500  -1.240328 
   381500.0000  -1.542847   0.295478  -1.247369 
   382000.0000  -1.546108   0.291446  -1.254663 
   382500.0000  -1.531819   0.295576  -1.236243 
   383000.0000  -1.538425   0.292106  -1.246319 
   383500.0000  -1.536767   0.299299  -1.237468 
   384000.0000  -1.549515   0.289521  -1.259994 
   384500.0000  -1.540338   0.296432  -1.243906 
   385000.0000  -1.538050   0.290032  -1.248019 
   385500.0000  -1.546418   0.296296  -1.250122 
   386000.0000  -1.536117   0.293273  -1.242844 
   386500.0000  -1.540445   0.297778  -1.242667 
   387000.0000  -1.535483   0.293164  -1.242319 
   387500.0000  -1.549662   0.294324  -1.255338 
   388000.0000  -1.536715   0.291160  -1.245555 
   388500.0000  -1.545615   0.299195  -1.246419 
   389000.0000  -1.544916   0.302128  -1.242789 
   389500.0000  -1.543915   0.300271  -1.243644 
   390000.0000  -1.550213   0.295404  -1.254809 
   390500.0000  -1.537952   0.297260  -1.240692 
   391000.0000  -1.547147   0.293312  -1.253835 
   391500.0000  -1.536082   0.293988  -1.242093 
   392000.0000  -1.539269   0.292513  -1.246756 
   392500.0000  -1.544757   0.291701  -1.253056 
   393000.0000  -1.539080   0.293278  -1.245802 
   393500.0000  -1.536254   0.286644  -1.249611 
   394000.0000  -1.543909   0.290293  -1.253616 
   394500.0000  -1.541772   0.294970  -1.246802 
   395000.0000  -1.536492   0.290736  -1.245755 
   395500.0000  -1.543824   0.295960  -1.247864 
   396000.0000  -1.546436   0.293750  -1.252686 
   396500.0000  -1.540212   0.299841  -1.240371 
   397000.0000  -1.538298   0.289688  -1.248610 
   397500.0000  -1.540755   0.293093  -1.247662 
   398000.0000  -1.529302   0.299273  -1.230030 
   398500.0000  -1.544305   0.290308  -1.253998 
   399000.0000  -1.536918   0.295465  -1.241453 
   399500.0000  -1.540656   0.290880  -1.249776 
   400000.0000  -1.537961   0.296955  -1.241005 
   400500.0000  -1.535851   0.295630  -1.240221 
   401000.0000  -1.536801   0.297342  -1.239459 
   401500.0000  -1.527439   0.291398  -1.236042 
   402000.0000  -1.535033   0.297928  -1.237105 
   402500.0000  -1.543854   0.289710  -1.254143 
   403000.0000  -1.539980   0.295022  -1.244958 
   403500.0000  -1.538445   0.293638  -1.244807 
   404000.0000  -1.537445   0.293996  -1.243449 
   404500.0000  -1.533200   0.305470  -1.227730 
   405000.0000  -1.537528   0.290935  -1.246594 
   405500.0000  -1.535630   0.288097  -1.247533 
   406000.0000  -1.538929   0.294720  -1.244209 
   406500.0000  -1.539408   0.291684  -1.247724 
   407000.0000  -1.543817   0.295047  -1.248770 
   407500.0000  -1.539085   0.291832  -1.247252 
   408000.0000  -1.540747   0.290503  -1.250244 
   408500.0000  -1.539682   0.300389  -1.239294 
   409000.0000  -1.544818   0.298980  -1.245837 
   409500.0000  -1.533968   0.296900  -1.237068 
   410000.0000  -1.526305   0.291923  -1.234382 
   410500.0000  -1.538943   0.295833  -1.243110 
   411000.0000  -1.538378   0.292740  -1.245638 
   411500.0000  -1.537079   0.287715  -1.249365 
   412000.0000  -1.540588   0.294309  -1.246279 
   412500.0000  -1.544314   0.299744  -1.244570 
   413000.0000  -1.535963   0.293287  -1.242677 
   413500.0000  -1.539451   0.295913  -1.243538 
   414000.0000  -1.545360   0.298796  -1.246564 
   414500.0000  -1.543578   0.294058  -1.249519 
   415000.0000  -1.543066   0.298872  -1.244194 
   415500.0000  -1.535564   0.291817  -1.243747 
   416000.0000  -1.546198   0.296678  -1.249520 
   416500.0000  -1.544092   0.292687  -1.251405 
   417000.0000  -1.545555   0.294894  -1.250661 
   417500.0000  -1.548050   0.291225  -1.256824 
   418000.0000  -1.538963   0.296123  -1.242841 
   418500.0000  -1.532086   0.293894  -1.238192 
   419000.0000  -1.537892   0.298032  -1.239859 
   419500.0000  -1.540100   0.294968  -1.245132 
   420000.0000  -1.538122   0.294564  -1.243558 
   420500.0000  -1.544015   0.295324  -1.248690 
   421000.0000  -1.545615   0.295820  -1.249794 
   421500.0000  -1.539950   0.291947  -1.248004 
   422000.0000  -1.537367   0.300621  -1.236746 
   422500.0000  -1.543354   0.289870  -1.253484 
   423000.0000  -1.542535   0.297105  -1.245429 
   423500.0000  -1.544866   0.291023  -1.253843 
   424000.0000  -1.538413   0.294811  -1.243602 
   424500.0000  -1.544029   0.290440  -1.253589 
   425000.0000  -1.539640   0.299952  -1.239688 
   425500.0000  -1.546126   0.298970  -1.247156 
   426000.0000  -1.547468   0.288037  -1.259431 
   426500.0000  -1.544522   0.295830  -1.248692 
   427000.0000  -1.545957   0.301547  -1.244409 
   427500.0000  -1.540377   0.296197  -1.244180 
   428000.0000  -1.545124   0.290914  -1.254210 
   428500.0000  -1.538312   0.292054  -1.246259 
   429000.0000  -1.549698   0.295178  -1.254519 
   429500.0000  -1.539847   0.294356  -1.245491 
   430000.0000  -1.539220   0.294403  -1.244816 
   430500.0000  -1.539181   0.289623  -1.249557 
   431000.0000  -1.540806   0.301375  -1.239430 
   431500.0000  -1.542410   0.293421  -1.248990 
   432000.0000  -1.536859   0.298762  -1.238096 
   432500.0000  -1.546720   0.296307  -1.250413 
   433000.0000  -1.545509   0.294345  -1.251164 
   433500.0000  -1.543129   0.291672  -1.251457 
   434000.0000  -1.546476   0.295483  -1.250993 
   434500.0000  -1.539728   0.295641  -1.244087 
   435000.0000  -1.538344   0.289936  -1.248408 
   435500.0000  -1.533996   0.293902  -1.240093 
   436000.0000  -1.536955   0.291685  -1.245270 
   436500.0000  -1.537350   0.293183  -1.244167 
   437000.0000  -1.542500   0.292349  -1.250150 
   437500.0000  -1.544441   0.287400  -1.257041 
   438000.0000  -1.539988   0.294119  -1.245869 
   438500.0000  -1.544156   0.296226  -1.247931 
   439000.0000  -1.540910   0.290416  -1.250494 
   439500.0000  -1.544755   0.294469  -1.250286 
   440000.0000  -1.537137   0.294097  -1.243040 
   440500.0000  -1.550214   0.293336  -1.256878 
   441000.0000  -1.536158   0.297428  -1.238730 
   441500.0000  -1.541187   0.293957  -1.247231 
   442000.0000  -1.542165   0.298295  -1.243870 
   442500.0000  -1.542266   0.293298  -1.248969 
   443000.0000  -1.541221   0.298425  -1.242796 
   443500.0000  -1.535049   0.295343  -1.239706 
   444000.0000  -1.539177   0.292263  -1.246914 
   444500.0000  -1.534583   0.292347  -1.242237 
   445000.0000  -1.540755   0.298135  -1.242620 
   445500.0000  -1.542892   0.298233  -1.244659 
   446000.0000  -1.534953   0.299973  -1.234980 
   446500.0000  -1.532395   0.295957  -1.236438 
   447000.0000  -1.538538   0.291677  -1.246861 
   447500.0000  -1.536538   0.292932  -1.243607 
   448000.0000  -1.539810   0.290447  -1.249363 
   448500.0000  -1.542410   0.295530  -1.246881 
   449000.0000  -1.538797   0.297605  -1.241192 
   449500.0000  -1.537935   0.291478  -1.246457 
   450000.0000  -1.534314   0.299738  -1.234576 
   450500.0000  -1.548277   0.289387  -1.258890 
   451000.0000  -1.541196   0.289386  -1.251810 
   451500.0000  -1.543097   0.289754  -1.253342 
   452000.0000  -1.543351   0.288662  -1.254689 
   452500.0000  -1.548567   0.300309  -1.248257 
   453000.0000  -1.539412   0.294030  -1.245381 
   453500.0000  -1.539833   0.295961  -1.243872 
   454000.0000  -1.538906   0.292000  -1.246905 
   454500.0000  -1.539119   0.291622  -1.247497 
   455000.0000  -1.542705   0.297765  -1.244940 
   455500.0000  -1.538553   0.295376  -1.243177 
   456000.0000  -1.544905   0.298401  -1.246504 
   456500.0000  -1.537362   0.300024  -1.237337 
   457000.0000  -1.538085   0.295475  -1.242610 
   457500.0000  -1.537834   0.298265  -1.239569 
   458000.0000  -1.536647   0.296619  -1.240028 
   458500.0000  -1.542204   0.303236  -1.238968 
   459000.0000  -1.538928   0.292820  -1.246108 
   459500.0000  -1.533923   0.294569  -1.239354 
   460000.0000  -1.538553   0.294760  -1.243793 
   460500.0000  -1.540926   0.297401  -1.243526 
   461000.0000  -1.546576   0.291331  -1.255245 
   461500.0000  -1.542178   0.295114  -1.247065 
   462000.0000  -1.537105   0.290520  -1.246585 
   462500.0000  -1.539388   0.300553  -1.238835 
   463000.0000  -1.538852   0.296322  -1.242530 
   463500.0000  -1.545126   0.290737  -1.254390 
   464000.0000  -1.537668   0.295406  -1.242262 
   464500.0000  -1.537729   0.296516  -1.241213 
   465000.0000  -1.537896   0.294537  -1.243359 
   465500.0000  -1.537429   0.295115  -1.242314 
   466000.0000  -1.540708   0.290524  -1.250184 
   466500.0000  -1.537630   0.293294  -1.244336 
   467000.0000  -1.544868   0.291438  -1.253430 
   467500.0000  -1.539588   0.296642  -1.242945 
   468000.0000  -1.538743   0.295512  -1.243231 
   468500.0000  -1.535672   0.297357  -1.238315 
   469000.0000  -1.538446   0.298627  -1.239818 
   469500.0000  -1.541863   0.291057  -1.250806 
   470000.0000  -1.537495   0.291479  -1.246016 
   470500.0000  -1.535211   0.296685  -1.238527 
   471000.0000  -1.537929   0.297958  -1.239971 
   471500.0000  -1.537414   0.300933  -1.236481 
   472000.0000  -1.535406   0.298770  -1.236636 
   472500.0000  -1.536745   0.295825  -1.240920 
   473000.0000  -1.540294   0.291273  -1.249022 
   473500.0000  -1.536118   0.296345  -1.239773 
   474000.0000  -1.536257   0.301183  -1.235075 
   474500.0000  -1.540185   0.293341  -1.246843 
   475000.0000  -1.535709   0.291756  -1.243952 
   475500.0000  -1.532869   0.292631  -1.240238 
   476000.0000  -1.539331   0.290945  -1.248386 
   476500.0000  -1.546237   0.291686  -1.254551 
   477000.0000  -1.540038   0.296671  -1.243367 
   477500.0000  -1.533604   0.291484  -1.242120 
   478000.0000  -1.536499   0.290454  -1.246045 
   478500.0000  -1.539424   0.294241  -1.245183 
   479000.0000  -1.540376   0.294137  -1.246239 
   479500.0000  -1.536942   0.287088  -1.249854 
   480000.0000  -1.537744   0.297525  -1.240219 
   480500.0000  -1.544681   0.297756  -1.246925 
   481000.0000  -1.547192   0.297315  -1.249877 
   481500.0000  -1.545723   0.297034  -1.248689 
   482000.0000  -1.538000   0.293032  -1.244968 
   482500.0000  -1.545547   0.296827  -1.248720 
   483000.0000  -1.531533   0.290920  -1.240613 
   483500.0000  -1.543289   0.292705  -1.250584 
   484000.0000  -1.538230   0.297222  -1.241008 
   484500.0000  -1.540364   0.298353  -1.242011 
   485000.0000  -1.541361   0.295508  -1.245853 
   485500.0000  -1.538610   0.300384  -1.238225 
   486000.0000  -1.550529   0.298742  -1.251787 
   486500.0000  -1.545105   0.291573  -1.253531 
   487000.0000  -1.541430   0.292001  -1.249429 
   487500.0000  -1.535675   0.290557  -1.245118 
   488000.0000  -1.538835   0.292549  -1.246285 
   488500.0000  -1.535780   0.295425  -1.240355 
   489000.0000  -1.550252   0.290901  -1.259351 
   489500.0000  -1.531633   0.297290  -1.234343 
   490000.0000  -1.532126   0.300256  -1.231869 
   490500.0000  -1.536884   0.296388  -1.240495 
   491000.0000  -1.537575   0.293761  -1.243814 
   491500.0000  -1.535596   0.288286  -1.247310 
   492000.0000  -1.531447   0.290515  -1.240932 
   492500.0000  -1.536319   0.297276  -1.239043 
   493000.0000  -1.534029   0.289472  -1.244557 
   493500.0000  -1.538291   0.290745  -1.247546 
   494000.0000  -1.546894   0.294799  -1.252095 
   494500.0000  -1.534481   0.285423  -1.249057 
   495000.0000  -1.533227   0.294485  -1.238742 
   495500.0000  -1.533064   0.297856  -1.235208 
   496000.0000  -1.540320   0.288814  -1.251506 
   496500.0000  -1.536691   0.303023  -1.233669 
   497000.0000  -1.531101   0.298608  -1.232493 
   497500.0000  -1.540489   0.291075  -1.249414 
   498000.0000  -1.536805   0.288240  -1.248565 
   498500.0000  -1.537673   0.289511  -1.248162 
   499000.0000  -1.541167   0.291180  -1.249987 
   499500.0000  -1.540914   0.298077  -1.242838 
   500000.0000  -1.532255   0.290516  -1.241738 
   500500.0000  -1.540767   0.291911  -1.248856 
   501000.0000  -1.538971   0.294472  -1.244499 
   501500.0000  -1.538844   0.296570  -1.242274 
   502000.0000  -1.537346   0.294954  -1.242392 
   502500.0000  -1.545946   0.292027  -1.253919 
   503000.0000  -1.543599   0.296167  -1.247432 
   503500.0000  -1.539124   0.294020  -1.245103 
   504000.0000  -1.540990   0.294506  -1.246484 
   504500.0000  -1.527501   0.294856  -1.232646 
   505000.0000  -1.533458   0.293397  -1.240061 
   505500.0000  -1.540045   0.296003  -1.244042 
   506000.0000  -1.541645   0.294775  -1.246870 
   506500.0000  -1.535446   0.295294  -1.240152 
   507000.0000  -1.537718   0.298863  -1.238855 
   507500.0000  -1.540898   0.289303  -1.251594 
   508000.0000  -1.538539   0.303708  -1.234830 
   508500.0000  -1.542111   0.296575  -1.245535 
   509000.0000  -1.538235   0.288477  -1.249759 
   509500.0000  -1.534526   0.296313  -1.238213 
   510000.0000  -1.539149   0.294621  -1.244527 
   510500.0000  -1.539482   0.294165  -1.245317 
   511000.0000  -1.546922   0.294753  -1.252169 
   511500.0000  -1.540919   0.297961  -1.242957 
   512000.0000  -1.537269   0.300569  -1.236700 
   512500.0000  -1.542525   0.297827  -1.244698 
   513000.0000  -1.534824   0.291341  -1.243483 
   513500.0000  -1.540360   0.292956  -1.247404 
   514000.0000  -1.541494   0.297192  -1.244302 
   514500.0000  -1.530187   0.295251  -1.234936 
   515000.0000  -1.538606   0.290599  -1.248007 
   515500.0000  -1.540259   0.295800  -1.244459 
   516000.0000  -1.548090   0.293657  -1.254432 
   516500.0000  -1.542053   0.296036  -1.246016 
   517000.0000  -1.535101   0.292324  -1.242777 
   517500.0000  -1.538457   0.292589  -1.245867 
   518000.0000  -1.531247   0.294083  -1.237163 
   518500.0000  -1.537465   0.289660  -1.247805 
   519000.0000  -1.541770   0.296719  -1.245051 
   519500.0000  -1.532501   0.299319  -1.233182 
   520000.0000  -1.540750   0.295460  -1.245290 
   520500.0000  -1.536458   0.299383  -1.237074 
   521000.0000  -1.543660   0.291199  -1.252461 
   521500.0000  -1.544902   0.296553  -1.248349 
   522000.0000  -1.541946   0.290305  -1.251642 
   522500.0000  -1.538621   0.289832  -1.248790 
   523000.0000  -1.542901   0.292089  -1.250812 
   523500.0000  -1.540402   0.293253  -1.247150 
   524000.0000  -1.540983   0.303509  -1.237474 
   524500.0000  -1.532400   0.298623  -1.233777 
   525000.0000  -1.549336   0.295432  -1.253904 
   525500.0000  -1.538895   0.297782  -1.241112 
   526000.0000  -1.539414   0.297048  -1.242366 
   526500.0000  -1.539738   0.297712  -1.242026 
   527000.0000  -1.539201   0.295175  -1.244027 
   527500.0000  -1.540910   0.291385  -1.249525 
   528000.0000  -1.546361   0.294921  -1.251440 
   528500.0000  -1.539025   0.292577  -1.246448 
   529000.0000  -1.545115   0.296088  -1.249026 
   529500.0000  -1.538559   0.292770  -1.245789 
   530000.0000  -1.547184   0.297221  -1.249963 
   530500.0000  -1.546539   0.294455  -1.252084 
   531000.0000  -1.545746   0.293901  -1.251845 
   531500.0000  -1.537629   0.287936  -1.249693 
   532000.0000  -1.530800   0.292418  -1.238382 
   532500.0000  -1.542736   0.292749  -1.249986 
   533000.0000  -1.535215   0.295460  -1.239755 
   533500.0000  -1.541286   0.294456  -1.246829 
   534000.0000  -1.542120   0.298505  -1.243615 
   534500.0000  -1.534436   0.300532  -1.233904 
   535000.0000  -1.544190   0.299204  -1.244986 
   535500.0000  -1.537921   0.297725  -1.240197 
   536000.0000  -1.546872   0.294292  -1.252580 
   536500.0000  -1.540650   0.293094  -1.247556 
   537000.0000  -1.537028   0.292298  -1.244730 
   537500.0000  -1.534549   0.300723  -1.233826 
