t = 311000000
b = 25 25 25
E = -1.23099911637374 -1.23099911637374 0
-196.356406879292 -53.2666952192008 315.350462079276 -0.492600974557632 -0.192011354176339 0.848808529488391 -0.251385063678785 0.965172185335742 0.0724444781431424 0 0 0 0 0 0
-196.681379610711 -52.9785165032884 315.420358107953 0.445941377070525 0.127933949143194 0.885871995760701 -0.276774188811225 0.960934828102665 0.000551857909470729 0 0 0 0 0 0
-196.824063591411 -52.4191730625251 314.604768470746 -0.161916282207729 0.81514414725335 0.556168262987612 -0.423505375730173 0.451660822731888 -0.785267914750622 0 0 0 0 0 0
-197.254704474629 -52.2730984802365 314.455710664748 0.472071006750433 0.876612704674851 0.0932691298783023 -0.632285239000796 0.410409951840088 -0.657098963606172 0 0 0 0 0 0
-197.684469789912 -51.9132850774214 314.357455566149 0.819398361303248 0.300418493930124 -0.488195712802059 -0.573161033586364 0.416714131858989 -0.705574774129012 0 0 0 0 0 0
-197.887732036093 -51.4715654417277 314.226068649728 0.671788220266005 -0.0240103019486938 -0.740354031874057 -0.497065298110054 0.726423353106097 -0.474589508393159 0 0 0 0 0 0
-198.010237832995 -51.005357315336 313.958002134449 0.483369522636977 -0.471249373005271 -0.737751945458515 -0.352460264823887 0.666656491865757 -0.656765470753084 0 0 0 0 0 0
-197.873927466588 -50.665356558638 313.662516192112 -0.174962637144852 -0.710002530500268 -0.682117645488314 -0.328074166407307 0.695252832034118 -0.639523917367205 0 0 0 0 0 0
-197.909404345227 -50.3697379127471 313.163439714003 -0.420578415733526 -0.865814516495965 -0.271070137130523 -0.571164656309181 0.484821215773822 -0.662358908839325 0 0 0 0 0 0
-197.907919383907 -50.316506015015 312.643366746812 -0.845149180007368 -0.43525515220479 0.310283444630941 -0.517295532891256 0.519780440913611 -0.679877654357317 0 0 0 0 0 0
-198.242299096784 -50.2830834335023 312.108175049113 -0.695966215536345 -0.105633824781124 0.710262290913801 -0.631036730732833 0.561988766965672 -0.534753466814769 0 0 0 0 0 0
-198.765585708229 -50.2661833980209 311.850144587226 -0.242003998523122 0.179866808819375 0.953457915056538 -0.792556782432638 0.530224920326836 -0.301189774866971 0 0 0 0 0 0
-199.318781056174 -50.2649837909303 311.805481116196 0.199875399095575 0.65195448704137 0.731440477183908 -0.711684420683878 0.609696398255706 -0.348963590235241 0 0 0 0 0 0
-199.847818045849 -50.0780089330297 312.001558434138 0.509951889771707 0.813011511091035 0.281000628027341 -0.782164540595483 0.574205139595991 -0.241882386908659 0 0 0 0 0 0
-200.222148161014 -49.8308570703298 312.250715370927 0.598097776684264 0.686094699184977 -0.414189706868251 -0.763083602275089 0.645472061655663 -0.0326991370051214 0 0 0 0 0 0
-200.432611738224 -49.3179247571945 312.468472439214 0.5352769351964 0.311449797275838 -0.785160892061992 -0.64032760145101 0.755835997014223 -0.136720548702541 0 0 0 0 0 0
-200.499744704463 -48.8669552140094 312.547584960575 0.141353411007338 0.0856777674358482 -0.98624466202043 -0.465612324170581 0.884930671363048 0.010142507650013 0 0 0 0 0 0
-200.533195419479 -48.2797333589578 312.516050051096 -0.237364806776615 -0.302905597534942 -0.922987620440221 -0.501171750703432 0.852114025364407 -0.150759955141031 0 0 0 0 0 0
-200.632190817742 -47.8221839344719 312.337904671997 -0.60154005461641 -0.638443523784993 -0.480145217230257 -0.615648452032505 0.753514244962321 -0.230636653957749 0 0 0 0 0 0
-200.762379191808 -47.5901383062123 311.90936172863 -0.787367310623668 -0.616251916973835 -0.0169201946602845 -0.575625050907609 0.74473122540046 -0.337685064344216 0 0 0 0 0 0
-200.974026908852 -47.3390730071001 311.512246827406 -0.671151182710113 -0.315269699192486 0.670940464361679 -0.613449630334708 0.744342759500316 -0.263881426822094 0 0 0 0 0 0
-193.048186571302 -51.3386079772799 308.715558808593 -0.200718465429223 0.970034503405983 -0.136912964461588 -0.53107159324735 0.00969715213528328 0.847271460681967 0 0 0 0 0 0
-193.010765163149 -51.2147215685204 309.193355956219 -0.7707211448308 0.412859259670048 -0.485320665761719 -0.537144497887568 -0.0112921329912693 0.84341465254144 0 0 0 0 0 0
-193.258225196954 -50.9485931383653 309.584032192621 -0.811815812230883 -0.303015890453526 -0.499135710147639 -0.518349207526022 -0.0195684825293787 0.854945128969478 0 0 0 0 0 0
-193.637900405026 -50.6828366075682 309.725314228179 -0.404410313914586 -0.911929336601254 0.0695498601401471 -0.400923560935391 0.245117683804164 0.882710382500041 0 0 0 0 0 0
-194.051272826918 -50.552912006592 309.959485136141 0.351522699592677 -0.870471366241584 0.34454519620012 -0.24261761271363 0.270753928999503 0.931573402332028 0 0 0 0 0 0
-194.503726939983 -50.6120002498777 310.41232485671 0.649764226965635 -0.707306603522849 0.278430993189918 -0.324690806994706 0.0729372441484878 0.943003731842644 0 0 0 0 0 0
-194.834877608578 -50.8923228114591 310.754797889606 0.929783515943284 -0.220915816126672 0.294446626173988 -0.329083586412288 -0.140423624066925 0.933801477273381 0 0 0 0 0 0
-194.985210265304 -51.2457915704624 311.180266581079 0.801091649238843 0.541164832914996 0.25572014612831 -0.286664377236324 -0.0281569919356646 0.957617208820336 0 0 0 0 0 0
-194.862404564449 -51.4446557958426 311.677115069515 0.529192178859158 0.84406058509409 0.0867027480817331 -0.0427766627767612 -0.0755141562967676 0.996226766012875 0 0 0 0 0 0
-194.674727073624 -51.4742866716161 312.215396440352 -0.183429541279519 0.96580423828073 -0.183236941430985 -0.200859486985497 0.145644487640591 0.968732754534418 0 0 0 0 0 0
-194.542346842604 -51.2903470464642 312.667037550112 -0.629952770621888 0.658391717287521 -0.411922144819851 -0.228870630559759 0.349460063531319 0.908568048339727 0 0 0 0 0 0
-194.341224555227 -50.8378073387362 312.942552412395 -0.972162093024598 0.199145731541996 -0.123457857160355 -0.0563699171854794 0.312643435429192 0.948196453652685 0 0 0 0 0 0
-194.481590557807 -50.442836751583 313.186478296881 -0.786838359816332 -0.589932316829276 0.181287774221012 -0.143831351097375 0.46094284565787 0.875696428837252 0 0 0 0 0 0
-194.74637439732 -50.1086407594209 313.466582239812 -0.304547941291886 -0.890332086724099 0.338466138342415 -0.28527708506324 0.424294340001229 0.859413345126051 0 0 0 0 0 0
-194.521147676496 -50.1767058836063 314.420530332622 -0.128671256607228 0.957575955640883 0.257860421355362 -0.991629850613244 -0.121439220714067 -0.0438492308383846 0 0 0 0 0 0
-193.673572156602 -50.6528898993828 314.943775890393 -0.125438546689096 -0.682282460427398 0.720247051502232 0.709531738519997 -0.569112802513157 -0.415542212113792 0 0 0 0 0 0
-193.253338787223 -50.8915417974246 314.979290888699 -0.678204799307523 -0.728606696832575 0.0957628922233429 0.634587812306503 -0.646374278472103 -0.423672751781022 0 0 0 0 0 0
-192.949912133143 -51.405092775695 314.985805136092 -0.896453282103042 -0.15956179756939 -0.413414496314655 0.395417369144333 -0.709168303146622 -0.583716902266083 0 0 0 0 0 0
-192.947384760916 -51.8657977053483 314.863536699976 -0.356451680451261 0.573636131446681 -0.737484771505398 0.448687197531409 -0.587258681444274 -0.673652016875016 0 0 0 0 0 0
-192.978269919464 -52.2039413394676 314.484968599481 0.172165617187342 0.886956861934912 -0.428563327088389 0.306653762160828 -0.461699445875458 -0.832344334894472 0 0 0 0 0 0
-192.9715730914 -52.3780775345277 314.006393619677 0.578133799359507 0.805487990582895 0.130193728976824 0.469757238849237 -0.198115589366383 -0.860278065394411 0 0 0 0 0 0
-192.929118306842 -52.3679537919906 313.553408633485 0.668925141108559 0.622674284617253 0.40597523430536 0.446382732988636 0.100215658352228 -0.889212729053413 0 0 0 0 0 0
-193.88735201498 -53.2360949362964 313.283624509136 -0.000916289507049483 -0.176908598214884 -0.98422685814359 0.814101005015638 -0.571695204971385 0.102000716885975 0 0 0 0 0 0
-193.669951410194 -53.6714456014045 313.245631690092 0.262845766897634 0.380816547478537 -0.886504856157319 0.816291396109879 -0.577608169186003 -0.00609586143249597 0 0 0 0 0 0
-193.638671686749 -54.1566573856453 313.086131343502 0.739693460500307 0.49876371353985 -0.451761377885506 0.570509330069724 -0.820816768980886 0.0279094260632068 0 0 0 0 0 0
-193.525094050747 -54.626374256586 312.956506915404 0.736160565079335 0.461481879196795 0.495077870233629 0.505017302986662 -0.861533523826272 0.0521297516543949 0 0 0 0 0 0
-193.10780875593 -54.9354677665376 312.839686727117 0.00327408275215791 0.126969879628768 0.991901169496834 0.320019176490231 -0.939875642403535 0.119253945406564 0 0 0 0 0 0
-201.812864920762 -48.0421798192468 312.216164988687 0.0747086639146391 0.61076795946078 -0.788277308586406 0.625370326979639 -0.644421527437457 -0.440037326949192 0 0 0 0 0 0
-201.73530810571 -48.3285899174599 311.917142369386 0.793876681598758 0.608055273219512 -0.00534781485247961 0.607750842105546 -0.793706643397627 -0.0258588117762972 0 0 0 0 0 0
-201.260178399475 -48.6169419106645 311.704498586046 0.464251940587247 0.758472610419276 0.457372315411337 0.861457014194498 -0.506679262196599 -0.0341751072420201 0 0 0 0 0 0
-200.912540628858 -48.628584377952 311.437936958483 0.326253452538116 0.186300760901826 0.926741987391502 0.834023004717569 -0.518186403289967 -0.189442548143942 0 0 0 0 0 0
-200.364221083192 -48.6701387752081 311.368296821946 -0.0311418397488876 -0.283562702839166 0.958447901231782 0.93707213513187 -0.341901208381411 -0.0707062745925979 0 0 0 0 0 0
-199.821697540314 -48.8855541295767 311.530221608069 -0.527466486381549 -0.301337686692927 0.794339162022652 0.785698360130736 -0.528710750922689 0.32115888396034 0 0 0 0 0 0
-199.426513045411 -48.9374436550555 311.863208041048 -0.668859239292569 -0.684757838966218 0.289368311995783 0.742497702366261 -0.596311011760436 0.305139868312972 0 0 0 0 0 0
-199.228965658622 -49.136712150881 312.295281756851 -0.523528747735148 -0.818930534986913 -0.235096637919221 0.751202876763766 -0.573862788309281 0.326152936727131 0 0 0 0 0 0
-199.111120910223 -49.450539475045 312.688928609708 -0.186514934204247 -0.682387536299157 -0.706795182229175 0.60824955002676 -0.64516651286942 0.462377178896367 0 0 0 0 0 0
-199.10556453043 -49.9058952668634 312.937837875149 0.32250941996817 -0.374563495392369 -0.869304240154872 0.509814023623006 -0.70505792343567 0.492933044051513 0 0 0 0 0 0
-199.03205817437 -50.4103465687179 312.995325564607 0.666828114615159 0.13007033555825 -0.733772426142148 0.594002683035043 -0.687360621528303 0.417966731354763 0 0 0 0 0 0
-198.836108608159 -50.9667981137618 312.886408120131 0.791892433196391 0.554492913164681 -0.255820217137834 0.607223570569372 -0.670623813262395 0.426078908689897 0 0 0 0 0 0
-198.507540496701 -51.3620191980449 312.832732850661 0.513563227792554 0.804657237186389 0.297958959762677 0.599916519039615 -0.584991501079453 0.545788524841077 0 0 0 0 0 0
-198.006632937199 -51.6035743410177 312.836186250729 0.0432787772580737 0.729214485155519 0.682915208556983 0.605693920141394 -0.562759183805932 0.562527311466586 0 0 0 0 0 0
-197.478198257453 -51.5928609474938 313.055042043348 -0.551316237544109 0.380406097272655 0.742523809300405 0.510650905696295 -0.549950550923252 0.66090093361317 0 0 0 0 0 0
-197.077577733964 -51.6646047895439 313.363809723442 -0.681325330108428 0.30920407544524 0.663467131273811 0.623933810848389 -0.228637459420597 0.747282752263086 0 0 0 0 0 0
-196.817811415314 -51.4085709439304 313.671686315088 -0.676914160153787 -0.516248553463551 0.5246662280251 0.709835765905462 -0.26927034161173 0.65086609111992 0 0 0 0 0 0
-195.618649159665 -50.7391464952534 313.211259099616 0.969506692074858 0.237967852986237 0.058549764877182 0.128778615514644 -0.291440710525014 -0.947880994869487 0 0 0 0 0 0
-195.492199049731 -50.5792606617628 312.724398977816 0.933356502023734 -0.249959219884654 0.257616048655123 0.241666743439123 -0.0930799103871141 -0.965884731941588 0 0 0 0 0 0
-195.260917761515 -50.4387423050695 312.253658749872 0.624983933428324 -0.669445425034825 0.401544400853007 0.382316778851238 -0.185981665814653 -0.905121373402281 0 0 0 0 0 0
-194.870181946061 -50.2652458447566 311.955664880117 0.0947144764417338 -0.964439412295361 0.246750456866313 0.667143442300578 -0.122477426011708 -0.734791744314599 0 0 0 0 0 0
-194.37046242557 -50.3175693184851 311.759926107256 -0.415041324199812 -0.905934048323118 -0.0838104963316422 0.604895960322864 -0.205963301979265 -0.769207381284716 0 0 0 0 0 0
-193.994637729294 -50.6281684107407 311.595346326356 -0.80120788525578 -0.344684453275717 -0.489140626276312 0.582732801225938 -0.263695282067566 -0.768691928272101 0 0 0 0 0 0
-193.720978833361 -51.0723150341304 311.167346861737 -0.916259805561033 0.0850825768225933 -0.391444662544385 0.366719185211861 -0.215069427350903 -0.905131029529155 0 0 0 0 0 0
-193.694313236573 -51.4455807109459 310.775599129939 -0.680295290069095 0.61009212234633 -0.406184589270383 0.243402391858829 -0.334680883255263 -0.910353767510674 0 0 0 0 0 0
-193.884536664483 -51.6762125367013 310.413223249111 -0.107328324596709 0.901410204551869 -0.41945234993862 0.0847621945961666 -0.412057280489 -0.907206794486939 0 0 0 0 0 0
-194.069392975562 -51.797429263852 309.841696130735 0.472221758137087 0.874767986929364 -0.108570623031606 0.295146324013069 -0.272969430738287 -0.915628929918661 0 0 0 0 0 0
-194.103294741697 -51.6993698035804 309.325628872749 0.844456853212159 0.491429265100907 0.213049056476223 0.305428830973356 -0.115050558528364 -0.945238910642465 0 0 0 0 0 0
-193.892749804005 -52.7746862189119 308.688135458756 0.772873224821375 -0.63442175455125 -0.0132670911026629 -0.117673389811891 -0.16383578597192 0.979444132436942 0 0 0 0 0 0
-193.718358459131 -51.9703767671872 308.251318573702 -0.566788307885439 0.648917157473112 -0.507599780123414 -0.778532463690909 -0.623422771755046 0.0723273851084808 0 0 0 0 0 0
