0 0 0.000000 
0 1 0.000000 
0 2 0.000000 
0 3 0.000000 
0 4 0.000000 
0 5 0.000000 
0 6 0.000000 
0 7 0.000000 
0 8 0.000000 
0 9 0.000000 
0 10 0.000000 
0 11 0.000000 
0 12 0.000000 
0 13 0.000000 
0 14 0.000000 
0 15 0.000000 
0 16 0.000000 
0 17 0.000000 
0 18 0.000000 
0 19 0.000000 
0 20 0.000000 
1 0 0.000000 
1 1 0.000000 
1 2 0.000000 
1 3 0.000000 
1 4 0.000000 
1 5 0.000000 
1 6 0.000000 
1 7 0.000000 
1 8 0.000000 
1 9 0.000000 
1 10 0.000000 
1 11 0.000000 
1 12 0.000000 
1 13 0.000000 
1 14 0.000000 
1 15 0.000000 
1 16 0.000000 
1 17 0.000000 
1 18 0.000000 
1 19 0.000000 
1 20 0.000000 
2 0 0.000000 
2 1 0.000000 
2 2 0.000000 
2 3 0.000000 
2 4 0.000000 
2 5 0.000000 
2 6 0.000000 
2 7 0.000000 
2 8 0.000000 
2 9 0.000000 
2 10 0.000000 
2 11 0.000000 
2 12 0.000000 
2 13 0.000000 
2 14 0.000000 
2 15 0.000000 
2 16 0.000000 
2 17 0.000000 
2 18 0.000000 
2 19 0.000000 
2 20 0.000000 
3 0 0.000000 
3 1 0.000000 
3 2 0.000000 
3 3 0.000000 
3 4 0.000000 
3 5 0.000000 
3 6 0.000000 
3 7 0.000000 
3 8 0.000000 
3 9 0.000000 
3 10 0.000000 
3 11 0.000000 
3 12 0.000000 
3 13 0.000000 
3 14 0.000000 
3 15 0.000000 
3 16 0.000000 
3 17 0.000000 
3 18 0.000000 
3 19 0.000000 
3 20 0.000000 
4 0 0.000000 
4 1 1000.000000 
4 2 1000.000000 
4 3 1000.000000 
4 4 1000.000000 
4 5 1000.000000 
4 6 1000.000000 
4 7 1000.000000 
4 8 1000.000000 
4 9 1000.000000 
4 10 1000.000000 
4 11 1000.000000 
4 12 1000.000000 
4 13 1000.000000 
4 14 1000.000000 
4 15 1000.000000 
4 16 12562713093.761351 
4 17 12562713093.761351 
4 18 12562713093.761351 
4 19 1000.000000 
4 20 1000.000000 
5 0 0.000000 
5 1 1000.000000 
5 2 1000.000000 
5 3 1000.000000 
5 4 1000.000000 
5 5 1000.000000 
5 6 1000.000000 
5 7 1000.000000 
5 8 1000.000000 
5 9 1000.000000 
5 10 1000.000000 
5 11 1000.000000 
5 12 1000.000000 
5 13 1000.000000 
5 14 1000.000000 
5 15 12562713093.761351 
5 16 12562713093.761351 
5 17 12562713093.761351 
5 18 12562713093.761351 
5 19 1000.000000 
5 20 1000.000000 
6 0 0.000000 
6 1 1000.000000 
6 2 1000.000000 
6 3 1000.000000 
6 4 1000.000000 
6 5 1000.000000 
6 6 1000.000000 
6 7 1000.000000 
6 8 1000.000000 
6 9 1000.000000 
6 10 1000.000000 
6 11 1000.000000 
6 12 1000.000000 
6 13 12562713093.761351 
6 14 12562713093.761351 
6 15 12562713093.761351 
6 16 12562713093.761351 
6 17 12562713093.761351 
6 18 12562713093.761351 
6 19 1000.000000 
6 20 1000.000000 
7 0 0.000000 
7 1 1000.000000 
7 2 1000.000000 
7 3 1000.000000 
7 4 1000.000000 
7 5 1000.000000 
7 6 1000.000000 
7 7 1000.000000 
7 8 1000.000000 
7 9 1000.000000 
7 10 1000.000000 
7 11 1000.000000 
7 12 1000.000000 
7 13 12562713093.761351 
7 14 12562713093.761351 
7 15 12562713093.761351 
7 16 12562713093.761351 
7 17 12562713093.761351 
7 18 3594999620.316271 
7 19 1000.000000 
7 20 1000.000000 
8 0 0.000000 
8 1 1000.000000 
8 2 1000.000000 
8 3 1000.000000 
8 4 1000.000000 
8 5 1000.000000 
8 6 1000.000000 
8 7 1000.000000 
8 8 1000.000000 
8 9 1000.000000 
8 10 1000.000000 
8 11 1000.000000 
8 12 1000.000000 
8 13 1000.000000 
8 14 12562713093.761351 
8 15 12562713093.761351 
8 16 12562713093.761351 
8 17 4273356961.555028 
8 18 805753592.727153 
8 19 1000.000000 
8 20 1000.000000 
9 0 0.000000 
9 1 1000.000000 
9 2 1000.000000 
9 3 1000.000000 
9 4 1000.000000 
9 5 1000.000000 
9 6 1000.000000 
9 7 1000.000000 
9 8 1000.000000 
9 9 1000.000000 
9 10 1000.000000 
9 11 1000.000000 
9 12 1000.000000 
9 13 12562713093.761351 
9 14 12562713093.761351 
9 15 12562713093.761351 
9 16 2651379797.412863 
9 17 864894690.744414 
9 18 251791022.238714 
9 19 1000.000000 
9 20 1000.000000 
10 0 0.000000 
10 1 1000.000000 
10 2 1000.000000 
10 3 1000.000000 
10 4 1000.000000 
10 5 1000.000000 
10 6 1000.000000 
10 7 1000.000000 
10 8 1000.000000 
10 9 1000.000000 
10 10 1000.000000 
10 11 1000.000000 
10 12 1000.000000 
10 13 1000.000000 
10 14 6852133226.228110 
10 15 1998941966.980680 
10 16 246623246.751330 
10 17 101274770.518829 
10 18 80922555.781345 
10 19 1000.000000 
10 20 1000.000000 
11 0 0.000000 
11 1 1000.000000 
11 2 1000.000000 
11 3 1000.000000 
11 4 1000.000000 
11 5 1000.000000 
11 6 1000.000000 
11 7 1000.000000 
11 8 1000.000000 
11 9 1000.000000 
11 10 1000.000000 
11 11 1000.000000 
11 12 1000.000000 
11 13 1000.000000 
11 14 1000.000000 
11 15 243191072.462132 
11 16 36326903.655249 
11 17 17644983.959842 
11 18 30177223.983623 
11 19 1000.000000 
11 20 1000.000000 
12 0 0.000000 
12 1 1000.000000 
12 2 1000.000000 
12 3 1000.000000 
12 4 1000.000000 
12 5 1000.000000 
12 6 1000.000000 
12 7 1000.000000 
12 8 1000.000000 
12 9 1000.000000 
12 10 1000.000000 
12 11 1000.000000 
12 12 1000.000000 
12 13 65371218.809012 
12 14 52510048.980819 
12 15 31563807.619820 
12 16 10457262.749211 
12 17 1000.000000 
12 18 1000.000000 
12 19 1000.000000 
12 20 1000.000000 
13 0 0.000000 
13 1 1000.000000 
13 2 1000.000000 
13 3 1000.000000 
13 4 1000.000000 
13 5 1000.000000 
13 6 1000.000000 
13 7 1000.000000 
13 8 1000.000000 
13 9 1000.000000 
13 10 1000.000000 
13 11 3233605.232219 
13 12 3025794.037824 
13 13 3490412.379678 
13 14 3221542.857289 
13 15 3980792.851195 
13 16 5374116.028985 
13 17 1000.000000 
13 18 1000.000000 
13 19 1000.000000 
13 20 1000.000000 
14 0 0.000000 
14 1 1000.000000 
14 2 1000.000000 
14 3 1000.000000 
14 4 1000.000000 
14 5 1000.000000 
14 6 1000.000000 
14 7 1000.000000 
14 8 1000.000000 
14 9 1000.000000 
14 10 541215.459209 
14 11 309785.236763 
14 12 309950.228888 
14 13 432827.577458 
14 14 513410.826421 
14 15 996606.941743 
14 16 5967434.133939 
14 17 1000.000000 
14 18 1000.000000 
14 19 1000.000000 
14 20 1000.000000 
15 0 0.000000 
15 1 1000.000000 
15 2 1000.000000 
15 3 1000.000000 
15 4 1000.000000 
15 5 1000.000000 
15 6 1000.000000 
15 7 1000.000000 
15 8 1000.000000 
15 9 264879.187772 
15 10 69628.936367 
15 11 42450.017987 
15 12 50175.964231 
15 13 116727.930368 
15 14 218547.486811 
15 15 773285.868394 
15 16 1000.000000 
15 17 1000.000000 
15 18 1000.000000 
15 19 1000.000000 
15 20 1000.000000 
16 0 0.000000 
16 1 1000.000000 
16 2 1000.000000 
16 3 1000.000000 
16 4 1000.000000 
16 5 1000.000000 
16 6 1000.000000 
16 7 1000.000000 
16 8 358550.814455 
16 9 41382.518352 
16 10 12502.114939 
16 11 8797.517014 
16 12 12787.735827 
16 13 62077.565207 
16 14 287575.559116 
16 15 1000.000000 
16 16 1000.000000 
16 17 1000.000000 
16 18 1000.000000 
16 19 1000.000000 
16 20 1000.000000 
17 0 0.000000 
17 1 1000.000000 
17 2 1000.000000 
17 3 1000.000000 
17 4 1000.000000 
17 5 1000.000000 
17 6 1000.000000 
17 7 136739.051753 
17 8 53878.100471 
17 9 8461.184968 
17 10 3256.427315 
17 11 3179.382491 
17 12 5898.834047 
17 13 83732.109019 
17 14 87807461.188086 
17 15 1000.000000 
17 16 1000.000000 
17 17 1000.000000 
17 18 1000.000000 
17 19 1000.000000 
17 20 1000.000000 
18 0 0.000000 
18 1 1000.000000 
18 2 1000.000000 
18 3 1000.000000 
18 4 1000.000000 
18 5 57452.991078 
18 6 23316.535313 
18 7 20423.553910 
18 8 9434.665369 
18 9 2290.926329 
18 10 1222.230074 
18 11 2197.911154 
18 12 6510.948183 
18 13 1000.000000 
18 14 1000.000000 
18 15 1000.000000 
18 16 1000.000000 
18 17 1000.000000 
18 18 1000.000000 
18 19 1000.000000 
18 20 1000.000000 
19 0 0.000000 
19 1 1000.000000 
19 2 1000.000000 
19 3 1000.000000 
19 4 36263.989767 
19 5 6932.186251 
19 6 2729.396139 
19 7 2264.952737 
19 8 1380.513451 
19 9 748.959777 
19 10 728.448654 
19 11 4166.709451 
19 12 4584421.863367 
19 13 1000.000000 
19 14 1000.000000 
19 15 1000.000000 
19 16 1000.000000 
19 17 1000.000000 
19 18 1000.000000 
19 19 1000.000000 
19 20 1000.000000 
20 0 0.000000 
20 1 10000.000000 
20 2 12009.558824 
20 3 1979.761775 
20 4 3023.339112 
20 5 491.895974 
20 6 186.572726 
20 7 176.139133 
20 8 213.757192 
20 9 300.532874 
20 10 949.366721 
20 11 28586180.341641 
20 12 1000.000000 
20 13 1000.000000 
20 14 1000.000000 
20 15 1000.000000 
20 16 1000.000000 
20 17 1000.000000 
20 18 1000.000000 
20 19 1000.000000 
20 20 1000.000000 
21 0 0.000000 
21 1 304.976193 
21 2 243.857295 
21 3 236.244307 
21 4 260.545218 
21 5 33.021460 
21 6 13.445009 
21 7 16.289844 
21 8 63.349699 
21 9 292.321439 
21 10 884140.895238 
21 11 1000.000000 
21 12 1000.000000 
21 13 1000.000000 
21 14 1000.000000 
21 15 1000.000000 
21 16 1000.000000 
21 17 1000.000000 
21 18 1000.000000 
21 19 1000.000000 
21 20 1000.000000 
22 0 0.000000 
22 1 34.623436 
22 2 18.599879 
22 3 24.177358 
22 4 28.187138 
22 5 4.957581 
22 6 2.364600 
22 7 3.780013 
22 8 54.185860 
22 9 243544.388735 
22 10 1000.000000 
22 11 1000.000000 
22 12 1000.000000 
22 13 1000.000000 
22 14 1000.000000 
22 15 1000.000000 
22 16 1000.000000 
22 17 1000.000000 
22 18 1000.000000 
22 19 1000.000000 
22 20 1000.000000 
23 0 0.000000 
23 1 2.657360 
23 2 1.162724 
23 3 1.719480 
23 4 3.101142 
23 5 1.447394 
23 6 1.000000 
23 7 2.690625 
23 8 2170.477427 
23 9 1000.000000 
23 10 1000.000000 
23 11 1000.000000 
23 12 1000.000000 
23 13 1000.000000 
23 14 1000.000000 
23 15 1000.000000 
23 16 1000.000000 
23 17 1000.000000 
23 18 1000.000000 
23 19 1000.000000 
23 20 1000.000000 
24 0 0.000000 
24 1 0.000000 
24 2 0.000000 
24 3 0.000000 
24 4 0.000000 
24 5 0.000000 
24 6 0.000000 
24 7 0.000000 
24 8 0.000000 
24 9 0.000000 
24 10 0.000000 
24 11 0.000000 
24 12 0.000000 
24 13 0.000000 
24 14 0.000000 
24 15 0.000000 
24 16 0.000000 
24 17 0.000000 
24 18 0.000000 
24 19 0.000000 
24 20 0.000000 
25 0 0.000000 
25 1 0.000000 
25 2 0.000000 
25 3 0.000000 
25 4 0.000000 
25 5 0.000000 
25 6 0.000000 
25 7 0.000000 
25 8 0.000000 
25 9 0.000000 
25 10 0.000000 
25 11 0.000000 
25 12 0.000000 
25 13 0.000000 
25 14 0.000000 
25 15 0.000000 
25 16 0.000000 
25 17 0.000000 
25 18 0.000000 
25 19 0.000000 
25 20 0.000000 
26 0 0.000000 
26 1 0.000000 
26 2 0.000000 
26 3 0.000000 
26 4 0.000000 
26 5 0.000000 
26 6 0.000000 
26 7 0.000000 
26 8 0.000000 
26 9 0.000000 
26 10 0.000000 
26 11 0.000000 
26 12 0.000000 
26 13 0.000000 
26 14 0.000000 
26 15 0.000000 
26 16 0.000000 
26 17 0.000000 
26 18 0.000000 
26 19 0.000000 
26 20 0.000000 
27 0 0.000000 
27 1 0.000000 
27 2 0.000000 
27 3 0.000000 
27 4 0.000000 
27 5 0.000000 
27 6 0.000000 
27 7 0.000000 
27 8 0.000000 
27 9 0.000000 
27 10 0.000000 
27 11 0.000000 
27 12 0.000000 
27 13 0.000000 
27 14 0.000000 
27 15 0.000000 
27 16 0.000000 
27 17 0.000000 
27 18 0.000000 
27 19 0.000000 
27 20 0.000000 
