t = 200000000
b = 25 25 25
E = -1.27652097264171 -1.27652097264171 0
-254.510501608616 281.687454987065 44.6487996412441 -0.324067497999381 -0.598335741216874 0.732785505808402 0.142768925280409 -0.796647049469171 -0.587341904299651 0 0 0 0 0 0
-254.337721430715 281.238204952748 44.6142363605844 -0.95348611859892 -0.299501604949924 -0.0341029364070887 0.247655318967736 -0.713841241623358 -0.655055360060974 0 0 0 0 0 0
-254.268842695223 280.733205071012 44.7385168464637 -0.798270836865545 0.0427117202275726 -0.600782306634595 0.304111984847404 -0.832410715048435 -0.463258353561731 0 0 0 0 0 0
-254.349756712735 280.305985226181 44.5981885846341 -0.184053002204303 0.429719021906077 -0.884005686967944 0.209013958511168 -0.861690096391273 -0.462388735728597 0 0 0 0 0 0
-254.484763597532 279.893188472232 44.3800788683795 0.43461370098903 0.629263308152688 -0.64431251728129 0.0934748639962531 -0.743066005259125 -0.662657801304057 0 0 0 0 0 0
-254.600070687997 279.665427336185 43.8440267059389 0.891543213684732 0.43622401047054 -0.121898772847385 0.300068948860389 -0.770448809627216 -0.562465339086621 0 0 0 0 0 0
-254.564137980203 279.643842647083 43.3926404537684 0.918581625488182 -0.0987177946745221 0.382704317104065 0.217639725925243 -0.681927641501255 -0.698289081581347 0 0 0 0 0 0
-254.263771275457 279.495479629512 42.929121689688 0.362829483852398 -0.64915291093403 0.668547129133974 0.210811841797159 -0.641656023436296 -0.737452313675949 0 0 0 0 0 0
-254.112320641484 279.270644961035 42.2108963059915 -0.0809624840071893 0.850227316609909 -0.52015246445028 0.266435250929966 0.521336368848377 0.810691462627969 0 0 0 0 0 0
-254.148184222885 277.866396415453 42.489305885818 0.747501441201614 -0.654568952295987 0.113053447942309 0.110675161682165 0.290542869178245 0.950439819113393 0 0 0 0 0 0
-254.148364578638 277.696745712374 42.9093637896001 0.990995746989069 0.0377966675743045 -0.128447815745755 0.121813822430675 0.143694157123756 0.982096421881946 0 0 0 0 0 0
-253.983462843436 277.474175619282 43.3821024530204 0.755499609686975 0.628787493924283 -0.183974528800178 0.325559546941487 -0.1166319382424 0.938300576775414 0 0 0 0 0 0
-253.618789937925 277.254157511289 43.7224044695225 0.28870176964429 0.951055644221952 -0.110201859321082 0.590007094345344 -0.086079552844421 0.802796324857226 0 0 0 0 0 0
-253.126911444264 277.198209702756 43.763494978164 -0.0842839901237073 0.895230980519445 0.437558796651399 0.693017242303256 -0.262858730402648 0.671291583234512 0 0 0 0 0 0
-252.617120711109 277.364198680216 43.8459824584755 -0.47632524997441 0.507859174778676 0.717769680907419 0.704295223760631 -0.26833129880581 0.657241623658415 0 0 0 0 0 0
-252.152545328952 277.568178878005 44.2558828133955 -0.814544956191877 0.125209969991759 0.566426498106362 0.533810011796298 -0.220431617465888 0.816368037913911 0 0 0 0 0 0
-251.956528622047 277.792477003649 44.6044274693837 -0.711553757405603 -0.540198887508244 0.449306590488971 0.530229997545912 0.00675139755815192 0.847826968392415 0 0 0 0 0 0
-251.971082851545 278.009603272576 45.0244313504421 -0.364591089142773 -0.909040768714133 0.201787557924925 0.368007305790881 0.0583957536009244 0.927987369981897 0 0 0 0 0 0
-252.180734898277 278.108240908441 45.5049435315571 0.203208578716247 -0.978357429344802 -0.0390258117398542 0.193532632313819 0.00106252594831384 0.981093263287591 0 0 0 0 0 0
-252.412409170826 277.826240270922 46.0323941197038 0.717224539682322 -0.672479794678149 -0.182646887263693 0.212756469627698 -0.0382675471493259 0.976355611171838 0 0 0 0 0 0
-252.415934801186 277.509262893466 46.3667490024144 0.969449229454468 0.239601976438352 -0.052526987320559 0.0832279910566325 -0.119868050296146 0.989295078337539 0 0 0 0 0 0
-257.410489289036 279.396923636039 36.5711482351271 0.937602192638091 0.209278393213179 -0.277677299206028 0.345068001583301 -0.46177786058515 0.817122562261445 0 0 0 0 0 0
-257.107227287299 278.99654413425 36.7129497299228 0.707009882256888 0.707037858194062 -0.0153131796650809 0.434370500451789 -0.417062222525899 0.798361679240067 0 0 0 0 0 0
-256.696770794543 278.715024004966 36.9009230479464 0.263958605243932 0.919429144485316 0.291506265779448 0.540275164900556 -0.391302236944869 0.74497335895562 0 0 0 0 0 0
-256.121185841338 278.763981431064 36.9941885999181 -0.158110212011136 0.82350870743014 0.54482526524064 0.716795352507016 -0.283765757510114 0.63693125020606 0 0 0 0 0 0
-255.684276829752 278.873281870952 37.3498690638165 -0.659613664206322 0.296726933377638 0.690552634489662 0.659801305075636 -0.211418594985675 0.721085581269499 0 0 0 0 0 0
-255.398850398949 279.118508581617 37.7148452044791 -0.675247738131449 -0.43637232516639 0.594659302439002 0.653118392539264 0.0209017051388684 0.75696729390986 0 0 0 0 0 0
-255.255252982765 279.308684306103 38.1792369348186 -0.527457338659858 -0.841066615704775 0.11998209800123 0.479433450716013 -0.178080633928034 0.85931999520221 0 0 0 0 0 0
-255.309528368613 279.378369728393 38.6820182863374 -0.0714969806627512 -0.994463338334835 -0.0770120150628808 0.458766818839638 -0.101344551488019 0.882758340552753 0 0 0 0 0 0
-255.452365156949 279.24165852097 39.1567781099055 0.477289216094787 -0.782492962423698 -0.399874690318117 0.334524519354818 -0.258994157770439 0.906098985868105 0 0 0 0 0 0
-255.477044050945 278.852726263336 39.6382860678325 0.749984653205917 -0.405689925128441 -0.522435359259765 0.525378090939695 -0.114507849389683 0.843128586864845 0 0 0 0 0 0
-255.29767529178 278.497524054886 40.0404265173681 0.817123594034289 0.173206406783359 -0.549825947661334 0.569070219924687 -0.0901113434863132 0.817336546699069 0 0 0 0 0 0
-255.053463725045 278.137859246375 40.2623642471306 0.715007998507355 0.607921405459551 -0.345246472617158 0.615817088501161 -0.313882807698007 0.722666518209865 0 0 0 0 0 0
-254.585747558694 277.932124622403 40.3576828067 0.2735503160143 0.957826662018452 -0.0879676652814327 0.660567662312159 -0.120599017747689 0.74101703113069 0 0 0 0 0 0
-254.099140404332 277.880198572845 40.4915547804545 -0.292961916410974 0.904718587262345 0.309285617827335 0.735394201845238 0.00648591317449414 0.677608515901843 0 0 0 0 0 0
-253.61090391934 278.005006697725 40.6628656682104 -0.602035895969727 0.63499993532652 0.484074232013277 0.748566892579428 0.237896977250736 0.618912461943483 0 0 0 0 0 0
-253.233122728314 278.297304615116 41.0124693262658 -0.891471478308233 0.1215756872295 0.436460714884637 0.452578082396342 0.193760852783689 0.870419330703878 0 0 0 0 0 0
-253.168511755115 278.663541617556 41.3796333079238 -0.671474940077569 -0.536848676391012 0.510798300217458 0.474281391555565 0.218280397284075 0.85288383135432 0 0 0 0 0 0
-252.26553245875 278.440954153452 40.0973015298545 0.375950801877579 -0.926294282236966 -0.0252961906758462 -0.868038315718271 -0.342490280447772 -0.359457772546087 0 0 0 0 0 0
-252.397581300917 278.123732421128 39.7946789989814 -0.286677051733921 -0.382483763718779 0.878363500209716 -0.881488787107448 -0.253786396616875 -0.398208466881435 0 0 0 0 0 0
-251.499122934684 278.513576730512 40.0439576427637 -0.211465084840876 0.209249005372365 0.954723714822208 0.572501056457351 -0.765183054520562 0.294512195723369 0 0 0 0 0 0
-250.556419927082 278.467074521022 40.1632825249165 0.754216453896492 0.654391029583065 0.0541287453486257 -0.289556116713889 0.257472521914597 0.921881313257032 0 0 0 0 0 0
-250.477904717652 278.479604888127 40.6996682965171 0.157670089433688 0.969786915534679 -0.186154455642904 -0.274562258156947 0.22413186318102 0.93508313764219 0 0 0 0 0 0
-250.327137934805 278.681021306809 41.0780228703951 -0.775202460293373 0.554652634983043 -0.302360050372844 -0.289381279534384 0.113668080757818 0.950440972639478 0 0 0 0 0 0
-250.37328296944 278.976315365711 41.4387469788995 -0.930009553717021 -0.350194207259841 -0.11156275004104 -0.172942023293021 0.149125179978776 0.973577288804342 0 0 0 0 0 0
-250.747884243385 279.200664968452 41.8353099273749 -0.488753202066869 -0.867674771631806 0.0908889330065888 -0.309152900019423 0.269672522901636 0.911976542900884 0 0 0 0 0 0
-251.118672410436 279.31116217326 42.2209688863647 0.333307384375991 -0.895122010067527 0.296079000628388 -0.00184713996350831 0.31341557473838 0.949614271999619 0 0 0 0 0 0
-251.33604387191 279.338258889605 42.6747949639979 0.942727868761774 -0.333432254260132 -0.00933259229204107 0.150038348985681 0.398889683722099 0.904641096818918 0 0 0 0 0 0
-251.346692934128 277.391587355171 46.1591249666667 -0.981703846716302 -0.0115729111806325 0.190062161066376 -0.176663523668213 -0.317067194619453 -0.931803838531094 0 0 0 0 0 0
-251.553141268247 277.038377794287 45.8212238481196 -0.786014096386501 0.603325197382007 0.134835256834684 -0.244595402254047 -0.103191887024111 -0.964118521577396 0 0 0 0 0 0
-251.901820870251 276.90117883149 45.5072461505532 -0.197752545245413 0.980065235106181 0.0191328457168882 -0.526157617122292 -0.0896566472886479 -0.845647590631671 0 0 0 0 0 0
-252.366354951293 276.949842297177 45.2646957344667 0.382194132155056 0.899391557206671 -0.212184995161306 -0.6845766039583 0.121336072811635 -0.718771473242762 0 0 0 0 0 0
-252.817628964162 277.169547382408 45.1530476512289 0.724101373498994 0.392969491639036 -0.566791125140318 -0.670376386647596 0.207882730376496 -0.712306303942711 0 0 0 0 0 0
-253.146809975951 277.550008527569 44.9166597607906 0.850360552009075 0.0298341997718301 -0.525354025501658 -0.470100646426145 0.491638351029806 -0.733005534785662 0 0 0 0 0 0
-253.266370370904 277.991056456749 44.6485234721735 0.652679191863168 -0.50387421944853 -0.565792049682546 -0.352674754432379 0.458886575163071 -0.815502071561543 0 0 0 0 0 0
-253.231251584865 278.320636613573 44.1983927227456 0.147013130316877 -0.942138275482641 -0.301268334520952 -0.426131324241636 0.214537727468998 -0.878854742259782 0 0 0 0 0 0
-253.24142567359 278.413240292309 43.67518066607 -0.28672090271647 -0.957074378401656 -0.0424235565757648 -0.369117697647388 0.151227543462284 -0.916996376973134 0 0 0 0 0 0
-253.2278829404 278.356128299651 43.129366122877 -0.613167937387926 -0.749006884754539 0.251025431280851 -0.385323992957767 0.00618409972485882 -0.922760628419785 0 0 0 0 0 0
-253.273803993151 278.051044071952 42.7622519721036 -0.93484680829891 0.157032225629479 0.318437317422429 -0.314699348708148 0.0487964222356966 -0.947936300127632 0 0 0 0 0 0
-253.372696880694 277.84901171927 42.5068718671894 -0.397601556491009 0.91754571886488 0.0047808020935887 -0.218302085117046 -0.0895338829973955 -0.971765343809378 0 0 0 0 0 0
-253.601504801164 277.859345994744 42.0367104175909 -0.108876875655131 0.956306444993872 0.27133707673438 -0.424463029734007 0.202098991175507 -0.882602477990443 0 0 0 0 0 0
-254.030278355873 278.014633574416 41.8332170178221 0.624543049772963 0.762018331509302 -0.171096585074236 -0.528168258596885 0.25072433512152 -0.811280221864557 0 0 0 0 0 0
-254.278993861736 278.381268445973 41.590496027331 0.876356814979775 0.135815253065053 -0.462117896075645 -0.481235458999861 0.206498705563101 -0.851921779039576 0 0 0 0 0 0
-254.344694583956 278.767041877001 41.273032531084 0.643441090876474 -0.585426358808419 -0.493213484187131 -0.588041637881577 0.0344930092316251 -0.808094836285754 0 0 0 0 0 0
-254.36192903486 279.011491604451 40.7941084188503 0.218884756865794 -0.955383791692902 -0.198321138011805 -0.499703728041341 0.064817811703366 -0.863767813401016 0 0 0 0 0 0
-254.338198233202 279.101319910228 40.2809788098661 -0.104542184638876 -0.992004170359139 0.0707011854285869 -0.467385070702466 -0.0137445427967851 -0.883946991186552 0 0 0 0 0 0
-254.248286478159 278.911448438746 39.7789795026194 -0.58920426106597 -0.72394537947993 0.358805554961688 -0.477832075810753 -0.0458903349656117 -0.877251722416736 0 0 0 0 0 0
-254.286421120827 278.669594820631 39.3770555903628 -0.86321032551305 -0.0119365836461418 0.504703330579968 -0.502816034555053 0.109855660777234 -0.857384259938057 0 0 0 0 0 0
-254.587041021828 278.459744047669 38.9730224664394 -0.740485162444094 0.269473606444636 0.615683116245577 -0.648245316872161 -0.0446079692657338 -0.760123765074675 0 0 0 0 0 0
-254.966442110658 278.235742593968 38.6975553088525 -0.399494310212522 0.754672221026428 0.520455699285597 -0.791452266224893 0.00256425265760624 -0.611225600654774 0 0 0 0 0 0
-255.520605486496 278.18375576902 38.6203244401566 0.12542731128448 0.986757220543527 0.102850266354342 -0.716519230928607 0.16180209343854 -0.67854275787778 0 0 0 0 0 0
-255.980026267016 278.446879847923 38.5400271930905 0.646940614311547 0.6561192755461 -0.388555450111125 -0.711792310589228 0.336824176870411 -0.616361241855471 0 0 0 0 0 0
-256.33464192845 278.845202379405 38.3952475722556 0.78420728365379 0.127028323699395 -0.607357177649582 -0.593671443019769 0.43830447956536 -0.674865468768231 0 0 0 0 0 0
-256.50322435474 279.282709008943 38.1002826570577 0.713008709703171 -0.388008964001411 -0.584009951749088 -0.470381782526956 0.352976021462503 -0.80879472484634 0 0 0 0 0 0
-256.4329602872 279.619042397999 37.7166677930272 0.21803282773917 -0.800393377363712 -0.55841931153961 -0.401374674514051 0.448014125331604 -0.798862763033863 0 0 0 0 0 0
-256.365885699617 279.793241002224 37.2528310489688 -0.302464733908617 -0.915409949573832 -0.265593126723613 -0.361322037348505 0.367964551447631 -0.856766289138566 0 0 0 0 0 0
-256.316992141015 279.872077215657 36.7578578847269 -0.73614950692376 -0.676624701610319 -0.0162147040260174 -0.333153081221557 0.383107452666153 -0.861532184067568 0 0 0 0 0 0
-256.407079585565 279.812413326932 36.1894803903001 -0.805993836978928 -0.330032561535553 0.491378106022507 -0.58567184669912 0.324306928035764 -0.742841506925972 0 0 0 0 0 0
