t = 100000000
b = 25 25 25
E = -1.23468338441023 -1.23468338441023 0
126.561923064395 6.3689409472713 233.143493189725 -0.743140171767726 0.338786129038503 0.577032619421244 -0.435457866162683 -0.899617564897664 -0.0326294916393188 0 0 0 0 0 0
127.412995208809 6.22010977111914 232.516610670811 0.18876472078714 0.787821135202065 0.58626422295334 -0.88570175651342 -0.121267741776737 0.448136735063544 0 0 0 0 0 0
128.380011053434 6.45492591890951 232.308744599526 0.694745075485637 0.507644143288521 0.509535772908361 -0.33797791057464 -0.394924469718137 0.854286600141574 0 0 0 0 0 0
128.406839640813 6.16607976777301 232.770189630506 0.117891530106833 0.923532166599884 0.364951948048499 -0.26724909462633 -0.324448085535737 0.907365065017164 0 0 0 0 0 0
128.496783154197 6.05149049577447 233.184820158311 -0.682287461537482 0.729510835919762 0.0479349570187534 -0.211243521402464 -0.259489991042825 0.942359336566514 0 0 0 0 0 0
128.519714314664 5.57631449085319 233.821638891448 -0.63052588954611 -0.775655666866577 0.0282026429586503 0.311733193575188 -0.219795170660548 0.924398452496387 0 0 0 0 0 0
128.467283395146 5.5325008143774 234.325125829247 0.110776179832766 -0.895065356866526 -0.43195676278889 0.232936182926285 -0.399142239795348 0.88680674732147 0 0 0 0 0 0
128.091721657393 5.94314554218493 234.850619079879 -0.88750831309526 -0.410554962592767 0.209221454151476 -0.36561717232552 0.903770855814771 0.2225361172496 0 0 0 0 0 0
128.59341450417 5.91845647412108 236.432222991776 -0.446688657008977 0.524879073156812 0.724548964709468 -0.871900240048284 -0.436996358991368 -0.220961882758163 0 0 0 0 0 0
128.942427487405 5.13124686592747 236.20248653368 0.951814438333893 -0.124281631761638 0.280362891599085 -0.29636507510168 -0.607809049130934 0.736706116476934 0 0 0 0 0 0
128.942676339481 4.65261243826671 236.502033034646 0.722628107036673 0.440918969150262 0.532352403548689 -0.145166510965513 -0.656167359551132 0.740520816961816 0 0 0 0 0 0
127.62241256492 4.16109603557566 236.156353768584 -0.10228115037313 -0.345958078427103 -0.932658337361209 0.907785997219203 -0.415851341195082 0.0547014193507675 0 0 0 0 0 0
127.964597298113 3.75476864409481 236.176568362835 -0.0573355371976096 0.196689709607068 -0.978787921006869 0.924064870199731 -0.360659410716362 -0.126605312386491 0 0 0 0 0 0
128.231239211979 3.34481984027378 236.014834900314 0.221951247976461 0.660840410010051 -0.716957178651165 0.826311084517935 -0.517831511017263 -0.221496089808314 0 0 0 0 0 0
128.476049907112 2.94052515608318 235.687679819698 0.363724045297331 0.871368148163085 -0.329275521773759 0.902481666543551 -0.417193411241903 -0.107128423721813 0 0 0 0 0 0
128.85639446678 2.73599828126228 235.369579974746 0.36488287008744 0.828169853487634 0.425435288723237 0.905279284019455 -0.422348381483148 0.0457303245537139 0 0 0 0 0 0
129.362626391446 2.64795854588964 235.261171884827 0.154292811898617 0.664452784041412 0.731229256783421 0.975867862778758 -0.218229158094086 -0.00761242097927738 0 0 0 0 0 0
129.856557763207 2.75866618243365 235.19687236245 -0.194714718334631 0.0836965234625161 0.977282492641792 0.950483157012138 -0.229940093058625 0.209067744619849 0 0 0 0 0 0
130.339400218218 2.88844583825512 235.300993167046 -0.362117458678329 -0.316098962441785 0.876899305544015 0.929645732895453 -0.191142447283535 0.314997422458879 0 0 0 0 0 0
130.718954761666 3.03660268786545 235.574687741469 -0.252287268117184 -0.838006980333747 0.483834098899493 0.923721501404353 -0.0596199787083279 0.378396678080168 0 0 0 0 0 0
131.038840138365 3.02949355310605 235.987893518285 -0.205689902785669 -0.972645722540687 -0.107944255592072 0.887929662252981 -0.231863211571126 0.397266114854049 0 0 0 0 0 0
119.612303503328 5.9708873262439 236.424093729586 0.100475056505237 -0.163617045280091 -0.981394021539811 0.992934903239426 -0.0460946888977241 0.109341472389641 0 0 0 0 0 0
120.119164776375 5.73397173839983 236.410545318538 -0.0517396910760359 0.286195853354635 -0.956773190411379 0.974462997419185 -0.195153564629017 -0.111071836544672 0 0 0 0 0 0
120.443565599459 5.48873871391462 236.119737610233 0.0219730551306122 0.808766525206817 -0.58771922935456 0.934594507907518 -0.225378822375181 -0.275204455294389 0 0 0 0 0 0
120.713072793867 5.35407129912665 235.703681607206 0.260636759883101 0.96027828607671 0.0996699186676497 0.890391038457153 -0.199185422469123 -0.409303024800684 0 0 0 0 0 0
121.076994009229 5.41896706039276 235.298742605458 0.321367400620886 0.746092297834819 0.583154590936002 0.917941599491204 -0.0941746048298642 -0.385375613821981 0 0 0 0 0 0
121.586222699693 5.65762813048018 235.025508355135 0.155036488779709 0.146507101757841 0.97698482909479 0.986522067653297 -0.075339341935942 -0.145252172409649 0 0 0 0 0 0
122.054046305367 5.87569574840333 234.974014551386 0.0586934643260113 -0.340084893739493 0.93856131514974 0.992593451058903 -0.08029289625725 -0.0911662861237679 0 0 0 0 0 0
122.536286619503 6.01002723485714 235.144454559924 -0.114661431678317 -0.799861278518566 0.589130453475394 0.991422776522341 -0.0546962075370019 0.118697948903097 0 0 0 0 0 0
123.005088936731 6.09273724401213 235.368374474738 -0.300431748843796 -0.947853302389243 0.1063714314864 0.902451719614899 -0.246383960607551 0.353377754986712 0 0 0 0 0 0
123.255476962863 5.85671080075577 235.839601946568 -0.209010609185873 -0.819180618711033 -0.534095196735526 0.871598675678524 -0.403702746857646 0.278100414841537 0 0 0 0 0 0
123.641043983867 5.53333467511344 236.15531417509 -0.111147888532433 -0.322841394270862 -0.939904027558148 0.949490334518719 -0.313763884195765 -0.00450883908766415 0 0 0 0 0 0
124.022087854901 5.08807037313091 236.099619027142 -0.0715510563990673 0.121457723089025 -0.990014377587622 0.88816127460368 -0.443948874714228 -0.118654738356023 0 0 0 0 0 0
124.261908205312 4.65561845671452 235.940512007195 0.156569955435259 0.599758447063557 -0.784713740309746 0.823010446940525 -0.518464515775211 -0.232052472748587 0 0 0 0 0 0
124.495389016211 4.32971746520271 235.566637941132 0.405792962818336 0.881639635258426 -0.240922445754869 0.896181860670001 -0.435570759187046 -0.0844759512954723 0 0 0 0 0 0
124.813510747948 4.22899419298597 235.22218327525 0.463488926688118 0.782605672289174 0.415579567036574 0.884976006589948 -0.432476194398127 -0.172574068269315 0 0 0 0 0 0
125.274226299207 4.27331607426434 234.906498387662 0.301867578518777 0.45520575666427 0.837653677923591 0.941345907873084 -0.281313602903317 -0.186361311843832 0 0 0 0 0 0
125.719199286382 4.56105959318042 234.796447184323 0.181172059316037 -0.135671717584672 0.974048186678057 0.983411388467861 0.0339283179659115 -0.17818785107778 0 0 0 0 0 0
126.28291150149 4.73318313241564 234.879615529497 -0.0146980933413308 -0.64423476667188 0.764686557658338 0.991432086292987 -0.10866280585919 -0.0724900882296529 0 0 0 0 0 0
126.774578347645 4.64594861572551 234.991551008929 -0.193817533497238 -0.766181804454872 0.612699115579028 0.971617766513542 -0.0635767195154331 0.227852839637545 0 0 0 0 0 0
127.124134298367 4.70551738904283 235.397379957771 -0.153391458065664 -0.987117982498502 -0.0454879019144378 0.98155958589948 -0.157518321814498 0.108299388832927 0 0 0 0 0 0
127.467223530081 4.56758913555701 235.746249921081 0.0550159162696579 -0.750252875983463 -0.658858005214745 0.938621355378741 -0.186184494057486 0.290388163325457 0 0 0 0 0 0
126.625609817509 4.78675442427643 236.112132971925 -0.313299586336731 0.605145354089699 0.731875993338275 0.203980111682301 0.795570238940864 -0.570491112068937 0 0 0 0 0 0
127.135817630332 3.95910376652405 236.255068754896 0.0487220214765386 0.232295377624588 -0.971424223579734 0.992775667686164 -0.118030843030612 0.0215683505112078 0 0 0 0 0 0
126.724871371946 3.25987807320456 237.096122854902 -0.622635446662665 -0.245755342559398 0.742919519303872 -0.569237472392706 -0.509195730243602 -0.645514065164849 0 0 0 0 0 0
126.513499290163 2.82945960831465 236.825800284491 -0.618450997790185 0.326142769630542 0.714947031010021 -0.776119411134285 -0.396046121893214 -0.490699632151804 0 0 0 0 0 0
126.239359622694 2.43695230099979 236.737245616887 -0.602102388392786 0.789465470936444 -0.119234995243853 -0.661189327298135 -0.576734923986192 -0.479797354016966 0 0 0 0 0 0
125.727403160771 2.28661073886604 236.658178688696 -0.158541432681388 0.80793381906579 -0.567545203603291 -0.718245467915655 -0.48879097665352 -0.495183631555729 0 0 0 0 0 0
130.794037223613 1.85408105344511 235.89003044893 0.212924630948852 0.964304909292258 0.157413923939863 -0.937009902434442 0.247185982455149 -0.246802619146313 0 0 0 0 0 0
130.355662426826 2.02112684988107 236.117831488433 0.343583192156169 0.797607948826112 -0.495754122561961 -0.939121677410835 0.291229094267212 -0.182307678580358 0 0 0 0 0 0
129.98922559127 2.45155188690385 236.34241620235 0.234327514323546 0.383147446113827 -0.893470005410031 -0.938671873732098 0.328309941907172 -0.105393052471126 0 0 0 0 0 0
129.655617283714 2.85771917586344 236.403935717507 0.207072274658425 -0.0444910757493282 -0.977313469285292 -0.808271704451631 0.555045314731908 -0.196523663656601 0 0 0 0 0 0
129.449174304986 3.36849093076399 236.205292617569 -0.0211652470465641 -0.561941815130693 -0.826905937047909 -0.796871241072824 0.508973577203629 -0.325487515673947 0 0 0 0 0 0
129.266950058 3.76134865151295 235.767575651126 -0.369945599540849 -0.854595478729958 -0.364426701978156 -0.848992111023213 0.47027007578946 -0.240953213793309 0 0 0 0 0 0
128.893334292675 4.0146623866891 235.35005099152 -0.277435996930489 -0.920044741360214 0.276671179385571 -0.960716366023564 0.263486504039005 -0.0871718202389979 0 0 0 0 0 0
128.468362531298 4.07660778438376 235.078883597569 -0.236314095395485 -0.51934785185765 0.821238976844291 -0.904743160268739 0.425863043245897 0.00897119525362695 0 0 0 0 0 0
127.968265885206 3.96054380062217 234.941491114128 0.00753776094311185 0.0263642050328249 0.999623984732735 -0.980117575950537 0.198405848753701 0.00215789090732944 0 0 0 0 0 0
127.451780079047 3.67409709797453 235.029349183689 0.133367710922385 0.530759533242394 0.836963184110054 -0.986107958787063 -0.0133065210317486 0.165571827660517 0 0 0 0 0 0
127.02674395762 3.51937729559348 235.314782406339 0.0846260062259944 0.981842998325872 0.16977268834739 -0.99601084702754 0.0785158994274403 0.0423986572969326 0 0 0 0 0 0
126.627366299466 3.5774040227746 235.581043503351 0.0207912162483535 0.881317563529038 -0.472066814701218 -0.995420221183831 0.062314104976748 0.0724950727931248 0 0 0 0 0 0
126.109263925037 3.96117528388489 235.764422959266 0.309375503347298 0.813434177247865 -0.492556227464129 -0.927041263262436 0.373382770442086 0.034348259719825 0 0 0 0 0 0
125.884426881105 4.33474168721341 235.952377853639 -0.0909970383406658 0.206553279528528 -0.974194683689681 -0.897094790691801 0.40772337105141 0.170242736150794 0 0 0 0 0 0
125.532568745304 4.78267131592298 235.972493736457 -0.117496852497702 -0.408226942745615 -0.905287386894185 -0.926382108874655 0.373489454316404 -0.0481852246169177 0 0 0 0 0 0
125.406340639323 5.15426157678439 235.68952395341 -0.477374307361415 -0.761067809680658 -0.439191939519721 -0.793467679077208 0.588103332318731 -0.156663693226709 0 0 0 0 0 0
125.039974593845 5.38421564690708 235.325962498905 -0.440115108629515 -0.893317142961686 0.0910119401331514 -0.896212351660557 0.430718691640764 -0.106230077672582 0 0 0 0 0 0
124.541822159873 5.47001719936853 235.155841338376 -0.258396615037502 -0.772242748162708 0.580407035835429 -0.965970012719372 0.213720994553043 -0.145688952958671 0 0 0 0 0 0
124.025228977591 5.30633818978844 234.93052162833 -0.0835491928276118 -0.183651395785619 0.979434376159959 -0.975172788956011 0.217341950607439 -0.0424323954769106 0 0 0 0 0 0
123.568862854745 5.12943563201378 234.924690305629 0.0483905426043581 0.319350557557668 0.946400325852682 -0.998264790206105 0.0472914804546608 0.0350845337886583 0 0 0 0 0 0
123.029353471204 4.9334193485533 235.114022683562 0.243842291203179 0.765384814654821 0.595589642721052 -0.956112261803109 0.292593669733015 0.0154365560249542 0 0 0 0 0 0
122.745403840612 4.86299047974957 235.50936047334 0.0945973554305936 0.989878435529596 -0.105792358982193 -0.952782826664034 0.120825186263632 0.278578821123309 0 0 0 0 0 0
122.318036243067 5.06815521142043 235.832297568043 0.265317609161491 0.760112670464927 -0.593157057167415 -0.935255058532746 0.352408194402787 0.0332631929717708 0 0 0 0 0 0
122.097593132421 5.46103874748551 236.079486138215 0.0172792704634898 0.371242585180776 -0.928375123406774 -0.848886539342192 0.496047251433848 0.182561681818944 0 0 0 0 0 0
121.775066351593 5.899943008232 236.154134898995 -0.120439701863411 -0.307439282559618 -0.943914914467549 -0.942259293819594 0.334696328283288 0.0112156606709399 0 0 0 0 0 0
121.455208825576 6.28069310358381 236.021686373288 -0.306447117283099 -0.7336349690378 -0.606522791421546 -0.885219262139233 0.453904436840085 -0.10177239387259 0 0 0 0 0 0
120.92679718786 6.50066067732558 235.669772711869 -0.152773516410045 -0.98606416770395 -0.065861292532314 -0.987077998067881 0.155511553287323 -0.0386417199988294 0 0 0 0 0 0
120.492230777204 6.48968877814497 235.420636774477 -0.0527875169727197 -0.847669013229494 0.527892718326736 -0.98909596150313 0.117163255831409 0.0892297619697712 0 0 0 0 0 0
120.11415424104 6.16095618607659 235.346181698447 -0.0809277656822164 -0.287403746753267 0.954384504847951 -0.98867752247547 -0.0982461554822884 -0.11342155652572 0 0 0 0 0 0
119.647863173502 5.8612308665108 235.266443074639 0.0886410262292597 0.297684309818813 0.950540278029669 -0.995200907965906 -0.0132414485291173 0.0969526524891815 0 0 0 0 0 0
