t = 177000000
b = 25 25 25
E = -1.18433333750287 -1.18433333750287 0
513.276210602798 -335.977426752436 490.558855923467 0.278395155524158 -0.213066921224648 0.936535436841844 -0.506229309345689 0.796099239315365 0.331598986007001 0 0 0 0 0 0
512.979428596194 -335.824411566425 490.879130666447 0.814548552466855 0.385036930975362 0.433886180304511 -0.500047377899698 0.845183217417964 0.18872718100647 0 0 0 0 0 0
512.792438428762 -335.482360446914 491.215563014797 0.858621528634143 0.508737707762194 -0.0628889121138135 -0.47592359364978 0.836727034532836 0.270895925937207 0 0 0 0 0 0
512.734623990488 -335.09129176004 491.540353291806 0.628460814240706 0.412911726220908 -0.65919717180308 -0.329621279705166 0.908988846577504 0.255125633293113 0 0 0 0 0 0
512.923344371198 -334.608773165149 491.742105229162 -0.0170647935156875 0.18234551880915 -0.983086417662505 -0.279071455856066 0.943285960077397 0.17980745270218 0 0 0 0 0 0
513.084004450472 -334.090682753513 491.771339723765 -0.531967448219432 -0.0736005523537648 -0.843560070610343 -0.301878204726257 0.947240740251958 0.107724321850624 0 0 0 0 0 0
513.068098802475 -333.572279867383 491.630949243791 -0.845057386475074 -0.385813452178704 -0.370170222575873 -0.414861554190942 0.909883686372104 -0.00125224925844976 0 0 0 0 0 0
513.005114086312 -333.110834464863 491.234049056571 -0.896892903521625 -0.440433411179398 0.0400191195483899 -0.44182327812285 0.888391857642472 -0.124708051798355 0 0 0 0 0 0
512.753652689927 -332.783691381809 490.912114690395 -0.694668747791534 -0.247123848430898 0.67554802521985 -0.309007971311814 0.950586732734978 0.0299822816674653 0 0 0 0 0 0
512.342701464473 -332.47869903598 490.86032204852 -0.0817864000178603 -0.163355719780836 0.983171344978591 -0.453349941700907 0.884609826965002 0.109267032524626 0 0 0 0 0 0
511.891007680135 -332.194190166419 490.961571206091 0.328965599702387 -0.0148747618739385 0.944224748495635 -0.556518326396843 0.804746774388637 0.206567135565027 0 0 0 0 0 0
511.45261120087 -332.121922478993 491.212341578216 0.626984118105479 0.476321645388573 0.616448380464917 -0.720044670561261 0.656377230755027 0.225176826833207 0 0 0 0 0 0
511.147113321098 -331.91214032295 491.558956304241 0.792444159933422 0.583839348147005 0.176532911783299 -0.594472741512857 0.674513201009307 0.437760323992893 0 0 0 0 0 0
510.971355045494 -331.700939922231 492.028240166113 0.605303375007121 0.710984339813503 -0.357923305674508 -0.469568923932034 0.682023401419783 0.560668445333869 0 0 0 0 0 0
511.054858361993 -331.455467856594 492.454355720804 0.106638959056038 0.75206826435876 -0.6504009979665 -0.31340926513127 0.646209862566321 0.695835789573862 0 0 0 0 0 0
511.086493762989 -331.00550089599 492.679268841964 -0.486419660050761 0.26171751734077 -0.833606535142976 -0.497688971148133 0.7011755028896 0.510547355438293 0 0 0 0 0 0
511.084644946588 -330.463907004934 492.778363608273 -0.614782191647475 0.0443453643229216 -0.787449265347432 -0.352005853792122 0.878033556093853 0.324266793349702 0 0 0 0 0 0
511.036737263607 -329.957817392145 492.692853594925 -0.902647599535452 -0.391523292520564 -0.178708764381482 -0.42771624029327 0.862199207523035 0.271424656831437 0 0 0 0 0 0
510.748826761912 -329.60533440553 492.407932958342 -0.616945978231506 -0.281757669622336 0.734840306157028 -0.333659572144057 0.939291194933062 0.0800208787619852 0 0 0 0 0 0
510.314117376013 -329.323944433969 492.426358539942 0.421095174566797 0.133376246873788 0.897156413746462 -0.319754785428612 0.947455390626019 0.00922821592727719 0 0 0 0 0 0
510.03008872063 -329.049850978683 492.632421461512 0.902517424948048 0.429471669589758 0.0318807572830884 -0.408924431593206 0.877846700572081 -0.249331064131345 0 0 0 0 0 0
516.431688124175 -338.282114754981 489.117677255447 -0.483230983262084 -0.0272294004488615 0.875069355289482 -0.272727504204928 0.954463992670641 -0.120905728339799 0 0 0 0 0 0
515.979184254837 -338.166543977841 488.947567958411 0.117695523402122 0.391681325991262 0.912542329232367 -0.441628981214612 0.84370167147388 -0.305174265794986 0 0 0 0 0 0
515.529780846325 -337.924318943607 488.980103290661 0.544587219663633 0.528635521234201 0.65112920827475 -0.545125740177778 0.81310300760743 -0.20420927112987 0 0 0 0 0 0
515.202958422313 -337.581764160098 489.136277027866 0.914125537347185 0.405271315268373 -0.0113869658103611 -0.396991198450792 0.889041685575935 -0.228041377080822 0 0 0 0 0 0
515.111535129808 -337.035256239786 489.209154581255 0.960041957834296 0.0909020990408554 -0.264681407710598 -0.131473594229094 0.981409614199683 -0.139820825261912 0 0 0 0 0 0
515.233559555404 -336.584056845299 489.430937356649 0.456468427772462 -0.0605603553063294 -0.887676189729177 -0.113157075607308 0.985627921640855 -0.125431560310497 0 0 0 0 0 0
515.635506657095 -336.167521215693 489.579077173655 -0.075347547940745 -0.0472465616034118 -0.996037403633003 -0.146894602250149 0.98850491973049 -0.0357770806297574 0 0 0 0 0 0
515.762084876434 -335.716091096023 489.442917483837 -0.555627343031186 -0.208416356079988 -0.804885630505636 -0.229894996909454 0.968841043012066 -0.092170080673133 0 0 0 0 0 0
515.759396008687 -335.207936359395 489.227121126065 -0.826900073806671 -0.506668494907139 -0.243973982643768 -0.519334345239427 0.854451674106185 -0.0142889632889302 0 0 0 0 0 0
515.582103311228 -334.795131629169 488.95410900793 -0.796649011319652 -0.480861736723081 0.3662271739223 -0.479784706169969 0.871584352213306 0.10073406922333 0 0 0 0 0 0
515.107936680014 -334.425408490099 488.818469381596 -0.203196429454777 -0.567890583019283 0.797628670983448 -0.490871523939893 0.763940502082763 0.418855650866077 0 0 0 0 0 0
516.289811772212 -333.631071070237 488.426378468469 0.15760274992978 0.792656541068877 0.588945652089637 0.977012926454224 -0.211859697010887 0.0236898780879217 0 0 0 0 0 0
516.443273440378 -334.064600402317 488.019752706149 -0.827660788511264 0.560772547622818 0.0226223118514381 0.376146071229903 0.584178621192048 -0.719200578170296 0 0 0 0 0 0
517.015922334751 -334.735446132097 488.335764346977 -0.530090984814415 -0.774254444207393 0.345736320689062 -0.413335472143473 0.591955877886075 0.691911862959455 0 0 0 0 0 0
518.070941484068 -334.840252310005 488.873816571462 0.629154844130722 -0.424915997714012 -0.650853729338284 0.775223997000246 0.28216729027109 0.565163139965823 0 0 0 0 0 0
518.40712162781 -335.017355594458 489.111516385082 0.409701920585159 0.48312895777464 -0.773776935833849 0.706684389183826 0.368281369176568 0.604124165384322 0 0 0 0 0 0
518.799689532302 -335.100753245011 489.13848467737 -0.172464619419332 0.982315417823332 0.07288604087929 0.700151544099512 0.0702048763729879 0.710534369772859 0 0 0 0 0 0
519.291598852774 -334.984857253221 489.31831292957 -0.565193953646708 0.79390418157098 0.224214061212291 0.732598571114774 0.35806578641693 0.578868055949031 0 0 0 0 0 0
519.592630106447 -334.678522747313 489.434503140703 -0.726648373590559 0.100664856118274 0.679594531982761 0.667223128504665 0.339103840734025 0.663190682977289 0 0 0 0 0 0
519.790486731034 -334.298255207564 489.527970078791 -0.262158140147372 -0.583449153458574 0.76867431001883 0.733477319965455 0.397159709974686 0.551611444650232 0 0 0 0 0 0
519.819660426823 -334.059175630595 489.974415494813 0.387349760206036 -0.900618896538622 0.197093293812572 0.748573241928379 0.432029188430057 0.502980001404924 0 0 0 0 0 0
520.305951678259 -332.574166894048 489.83115684799 0.653647856918362 0.524113774448323 -0.545938852418081 -0.749588888643978 0.349026451432197 -0.562402910929625 0 0 0 0 0 0
520.005989485157 -332.203466787468 489.774641678189 0.416054375893891 -0.103795114422975 -0.903396552197023 -0.772932989686305 0.482983913036637 -0.411462189274309 0 0 0 0 0 0
519.043216195911 -331.745318299137 490.798086191898 -0.504161435129124 -0.117839639949197 0.855532037147169 0.831993361897099 -0.331867995707665 0.444579215870641 0 0 0 0 0 0
519.346798645971 -331.735637323024 491.269059136092 -0.64845102077459 -0.705922068793942 0.284930353676269 0.759561737394678 -0.575017166115264 0.304008594876499 0 0 0 0 0 0
519.643189588791 -331.922951931 491.613025138104 -0.339620380489857 -0.613093804062371 -0.713283943865447 0.843343838535943 -0.53426997642581 0.0576780919711997 0 0 0 0 0 0
520.107098969595 -332.244100283818 491.629642992161 -0.207792024353146 -0.395012401913141 -0.894867407468864 0.771242187393198 -0.628872805479131 0.0985113339355241 0 0 0 0 0 0
510.006494347856 -329.38480312798 493.395780432479 -0.814304262480728 -0.252008613626829 -0.522876875338347 0.523726413871205 -0.707368792233754 -0.474699942266023 0 0 0 0 0 0
509.96308350348 -329.839341476981 493.313557962097 -0.278811674654411 0.352900085856433 -0.893154846305445 0.487477037581648 -0.749301065995545 -0.448234369865301 0 0 0 0 0 0
509.944177423476 -330.24307820313 492.947163696271 0.504883737066733 0.772113535265115 -0.385918515629855 0.585281677262878 -0.63483168343852 -0.504414603241177 0 0 0 0 0 0
509.972379066297 -330.39513397712 492.423371212303 0.861180741808273 0.466697105883074 0.201398960520953 0.506693855655964 -0.756738496081813 -0.413047436970997 0 0 0 0 0 0
510.246304104833 -330.465525877535 491.969258837379 0.832667074600022 0.0251096300973559 0.553204346831628 0.413269118866693 -0.693126141202184 -0.590580043493941 0 0 0 0 0 0
510.680377280796 -330.589830194691 491.684964820791 0.317940063811978 -0.388971816283453 0.864647351213423 0.640541063915048 -0.584244349759824 -0.498363005461179 0 0 0 0 0 0
511.239457852043 -330.602604371867 491.605415101068 -0.203972867628163 -0.601647346260623 0.772279444248714 0.585531477235184 -0.70718488248436 -0.396285794790061 0 0 0 0 0 0
511.705544180277 -330.891982776649 491.572821130238 -0.611040706826348 -0.631603469263027 0.477185825665482 0.605653648647976 -0.761173571244327 -0.23194493380661 0 0 0 0 0 0
512.018778096748 -331.160138339893 491.742146853149 -0.704642125437192 -0.695899425042371 -0.138576568311625 0.709562038709658 -0.690772581556038 -0.139122082332693 0 0 0 0 0 0
512.299452680329 -331.636699407753 491.92669403351 -0.742849059985378 -0.316896044935522 -0.589705155805072 0.500160256786073 -0.848223618573637 -0.174230911222786 0 0 0 0 0 0
512.395574612098 -332.193688029006 492.056493160052 -0.407964759821924 0.0970080744521239 -0.907829382777692 0.436290486235358 -0.852746011557463 -0.287184350885191 0 0 0 0 0 0
512.317822805365 -332.738530835344 492.005603189028 -0.0388441855639795 0.296455886892699 -0.954256273950833 0.16945634507129 -0.939190482625233 -0.298673374208774 0 0 0 0 0 0
511.973139772959 -333.062756302035 491.752997138333 0.661489582624628 0.193569323155608 -0.724542924340716 0.0267755477600695 -0.9715958487171 -0.235126724975792 0 0 0 0 0 0
511.904202785442 -333.410295399535 491.380228225787 0.983640075710323 0.176630981827119 -0.0354075940357095 0.164893527930329 -0.961948661511169 -0.217864400633868 0 0 0 0 0 0
512.099545293305 -333.932513413301 491.066239879407 0.831961577258039 0.303035130169062 0.464768376559503 0.414648375404733 -0.896172777390812 -0.157927444853219 0 0 0 0 0 0
512.464042938641 -334.202556866867 490.748851204785 0.443095201666437 0.101483958218697 0.890711877368014 0.470122502762852 -0.872295436416495 -0.134482355730941 0 0 0 0 0 0
512.875115488914 -334.345640351198 490.559076706882 0.024303373833757 -0.284239168932035 0.958445324922145 0.579297309924421 -0.777354477492122 -0.245223659211888 0 0 0 0 0 0
513.305575956809 -334.637426710401 490.572513552444 -0.61050950589077 -0.502400289949754 0.612267990242369 0.575538540753671 -0.812491144835172 -0.092809092612648 0 0 0 0 0 0
513.454087367237 -335.367001044904 489.553877452487 -0.745195285056358 -0.656462167477664 0.117223759538292 0.113393369015417 -0.297971106513134 -0.947815996671637 0 0 0 0 0 0
513.89707074245 -335.371856979256 488.540618180597 -0.732897176856591 0.224606017430215 -0.642194569495697 0.649807235083529 0.510703253145945 -0.56296780055279 0 0 0 0 0 0
514.549854489912 -335.323742907025 489.190381676254 0.869302103807944 0.425056856172612 -0.252270730239844 0.381835959032917 -0.901586165345459 -0.203331470380503 0 0 0 0 0 0
514.738220816432 -335.71401808904 488.832430332735 0.877904177120137 0.383869025074782 0.28623212150831 0.452756285291014 -0.860043654255213 -0.235237452172964 0 0 0 0 0 0
515.099872579947 -335.875868606034 488.45695329323 0.580854300850774 0.149646488101234 0.800133869913096 0.400709403133725 -0.908174631792033 -0.121040540355801 0 0 0 0 0 0
515.564952208684 -336.153350206303 488.367668305426 0.0403839842803685 -0.107179678773547 0.993419171483835 0.376757135177232 -0.919209625060146 -0.114488978901149 0 0 0 0 0 0
515.806712937254 -336.64058684578 488.383594894684 -0.449789178828165 0.110903593673081 0.886222369114813 0.239554112316449 -0.940922151159006 0.239331010800051 0 0 0 0 0 0
516.142429360559 -336.965962014937 488.708499527242 -0.791309668617067 0.0865528653302852 0.605258300113481 0.26485639114055 -0.843703170453854 0.466921890939077 0 0 0 0 0 0
516.29445172841 -337.08249042087 489.19744700021 -0.87805891342532 -0.459561020086313 -0.13347738898989 0.309455149258756 -0.758018215752109 0.574147973248388 0 0 0 0 0 0
516.215774768214 -337.265890911196 489.746228639951 -0.664358982269211 -0.535143192417703 -0.521774765859017 0.354768798144682 -0.840237245749952 0.410049351563362 0 0 0 0 0 0
516.036230050748 -337.644750322062 490.057616066169 0.0530011333957357 -0.485262716039409 -0.872760549223466 0.317134878924569 -0.820563981510302 0.475499969313883 0 0 0 0 0 0
515.92040607569 -338.143410011961 490.162089891846 0.503779380580999 -0.205743662933224 -0.83897311093041 0.039692091788843 -0.964683030222853 0.260405816082268 0 0 0 0 0 0
