0 0 0.000000 
0 1 0.000000 
0 2 0.000000 
0 3 0.000000 
0 4 0.000000 
0 5 0.000000 
0 6 0.000000 
0 7 0.000000 
0 8 0.000000 
0 9 0.000000 
0 10 0.000000 
0 11 0.000000 
0 12 0.000000 
0 13 0.000000 
0 14 0.000000 
0 15 0.000000 
0 16 0.000000 
0 17 0.000000 
0 18 0.000000 
0 19 0.000000 
0 20 0.000000 
1 0 0.000000 
1 1 0.000000 
1 2 0.000000 
1 3 0.000000 
1 4 0.000000 
1 5 0.000000 
1 6 0.000000 
1 7 0.000000 
1 8 0.000000 
1 9 0.000000 
1 10 0.000000 
1 11 0.000000 
1 12 0.000000 
1 13 0.000000 
1 14 0.000000 
1 15 0.000000 
1 16 0.000000 
1 17 0.000000 
1 18 0.000000 
1 19 0.000000 
1 20 0.000000 
2 0 0.000000 
2 1 0.000000 
2 2 0.000000 
2 3 0.000000 
2 4 0.000000 
2 5 0.000000 
2 6 0.000000 
2 7 0.000000 
2 8 0.000000 
2 9 0.000000 
2 10 0.000000 
2 11 0.000000 
2 12 0.000000 
2 13 0.000000 
2 14 0.000000 
2 15 0.000000 
2 16 0.000000 
2 17 0.000000 
2 18 0.000000 
2 19 0.000000 
2 20 0.000000 
3 0 0.000000 
3 1 0.000000 
3 2 0.000000 
3 3 0.000000 
3 4 0.000000 
3 5 0.000000 
3 6 0.000000 
3 7 0.000000 
3 8 0.000000 
3 9 0.000000 
3 10 0.000000 
3 11 0.000000 
3 12 0.000000 
3 13 0.000000 
3 14 0.000000 
3 15 0.000000 
3 16 0.000000 
3 17 0.000000 
3 18 0.000000 
3 19 0.000000 
3 20 0.000000 
4 0 0.000000 
4 1 10.000000 
4 2 10.000000 
4 3 10.000000 
4 4 10.000000 
4 5 10.000000 
4 6 10.000000 
4 7 10.000000 
4 8 10.000000 
4 9 10.000000 
4 10 10.000000 
4 11 10.000000 
4 12 10.000000 
4 13 10.000000 
4 14 10.000000 
4 15 10.000000 
4 16 10.000000 
4 17 102434.130932 
4 18 46289.959915 
4 19 6761.698741 
4 20 4663.517661 
5 0 0.000000 
5 1 10.000000 
5 2 10.000000 
5 3 10.000000 
5 4 10.000000 
5 5 10.000000 
5 6 10.000000 
5 7 10.000000 
5 8 10.000000 
5 9 10.000000 
5 10 10.000000 
5 11 10.000000 
5 12 10.000000 
5 13 10.000000 
5 14 10.000000 
5 15 10.000000 
5 16 10.000000 
5 17 93632.531657 
5 18 6913.625146 
5 19 1027.867922 
5 20 711.424498 
6 0 0.000000 
6 1 10.000000 
6 2 10.000000 
6 3 10.000000 
6 4 10.000000 
6 5 10.000000 
6 6 10.000000 
6 7 10.000000 
6 8 10.000000 
6 9 10.000000 
6 10 10.000000 
6 11 10.000000 
6 12 10.000000 
6 13 10.000000 
6 14 10.000000 
6 15 10.000000 
6 16 10.000000 
6 17 6459.651881 
6 18 485.493640 
6 19 73.475039 
6 20 51.301657 
7 0 0.000000 
7 1 10.000000 
7 2 10.000000 
7 3 10.000000 
7 4 10.000000 
7 5 10.000000 
7 6 10.000000 
7 7 10.000000 
7 8 10.000000 
7 9 10.000000 
7 10 10.000000 
7 11 10.000000 
7 12 10.000000 
7 13 10.000000 
7 14 10.000000 
7 15 10.000000 
7 16 7538.383996 
7 17 765.336432 
7 18 57.604216 
7 19 8.898716 
7 20 6.190557 
8 0 0.000000 
8 1 10.000000 
8 2 10.000000 
8 3 10.000000 
8 4 10.000000 
8 5 10.000000 
8 6 10.000000 
8 7 10.000000 
8 8 10.000000 
8 9 10.000000 
8 10 10.000000 
8 11 10.000000 
8 12 10.000000 
8 13 10.000000 
8 14 10.000000 
8 15 10.000000 
8 16 1728.830139 
8 17 181.577754 
8 18 14.155472 
8 19 2.343516 
8 20 1.671055 
9 0 0.000000 
9 1 10.000000 
9 2 10.000000 
9 3 10.000000 
9 4 10.000000 
9 5 10.000000 
9 6 10.000000 
9 7 10.000000 
9 8 10.000000 
9 9 10.000000 
9 10 10.000000 
9 11 10.000000 
9 12 10.000000 
9 13 10.000000 
9 14 10.000000 
9 15 9910.004937 
9 16 746.369180 
9 17 82.896795 
9 18 6.936357 
9 19 1.328924 
9 20 1.000000 
10 0 0.000000 
10 1 10.000000 
10 2 10.000000 
10 3 10.000000 
10 4 10.000000 
10 5 10.000000 
10 6 10.000000 
10 7 10.000000 
10 8 10.000000 
10 9 10.000000 
10 10 10.000000 
10 11 10.000000 
10 12 10.000000 
10 13 10.000000 
10 14 102434.130932 
10 15 10014.948508 
10 16 772.100042 
10 17 92.504939 
10 18 8.161338 
10 19 1.929112 
10 20 1.649580 
11 0 0.000000 
11 1 10.000000 
11 2 10.000000 
11 3 10.000000 
11 4 10.000000 
11 5 10.000000 
11 6 10.000000 
11 7 10.000000 
11 8 10.000000 
11 9 10.000000 
11 10 10.000000 
11 11 10.000000 
11 12 10.000000 
11 13 102434.130932 
11 14 102434.130932 
11 15 102434.130932 
11 16 102434.130932 
11 17 102434.130932 
11 18 10.000000 
11 19 10.000000 
11 20 10.000000 
12 0 0.000000 
12 1 10.000000 
12 2 10.000000 
12 3 10.000000 
12 4 10.000000 
12 5 10.000000 
12 6 10.000000 
12 7 10.000000 
12 8 10.000000 
12 9 10.000000 
12 10 10.000000 
12 11 10.000000 
12 12 102434.130932 
12 13 102434.130932 
12 14 68501.328468 
12 15 77965.775248 
12 16 10.000000 
12 17 10.000000 
12 18 10.000000 
12 19 10.000000 
12 20 10.000000 
13 0 0.000000 
13 1 10.000000 
13 2 10.000000 
13 3 10.000000 
13 4 10.000000 
13 5 10.000000 
13 6 10.000000 
13 7 10.000000 
13 8 10.000000 
13 9 10.000000 
13 10 102434.130932 
13 11 102434.130932 
13 12 72463.061140 
13 13 42465.434058 
13 14 23759.792589 
13 15 58205.868816 
13 16 10.000000 
13 17 10.000000 
13 18 10.000000 
13 19 10.000000 
13 20 10.000000 
14 0 0.000000 
14 1 10.000000 
14 2 10.000000 
14 3 10.000000 
14 4 10.000000 
14 5 10.000000 
14 6 10.000000 
14 7 10.000000 
14 8 10.000000 
14 9 10.000000 
14 10 102434.130932 
14 11 52083.649795 
14 12 28915.569397 
14 13 27246.426506 
14 14 45958.060148 
14 15 102434.130932 
14 16 10.000000 
14 17 10.000000 
14 18 10.000000 
14 19 10.000000 
14 20 10.000000 
15 0 0.000000 
15 1 10.000000 
15 2 10.000000 
15 3 10.000000 
15 4 10.000000 
15 5 10.000000 
15 6 10.000000 
15 7 10.000000 
15 8 10.000000 
15 9 102434.130932 
15 10 30202.080432 
15 11 20491.700608 
15 12 24669.817868 
15 13 42799.756335 
15 14 10.000000 
15 15 10.000000 
15 16 10.000000 
15 17 10.000000 
15 18 10.000000 
15 19 10.000000 
15 20 10.000000 
16 0 0.000000 
16 1 10.000000 
16 2 10.000000 
16 3 10.000000 
16 4 10.000000 
16 5 10.000000 
16 6 10.000000 
16 7 10.000000 
16 8 102434.130932 
16 9 49650.867901 
16 10 12018.017351 
16 11 11093.775566 
16 12 54406.607888 
16 13 10.000000 
16 14 10.000000 
16 15 10.000000 
16 16 10.000000 
16 17 10.000000 
16 18 10.000000 
16 19 10.000000 
16 20 10.000000 
17 0 0.000000 
17 1 10.000000 
17 2 10.000000 
17 3 10.000000 
17 4 10.000000 
17 5 10.000000 
17 6 10.000000 
17 7 102434.130932 
17 8 48053.390309 
17 9 29462.962264 
17 10 9814.362384 
17 11 10523.942083 
17 12 102434.130932 
17 13 10.000000 
17 14 10.000000 
17 15 10.000000 
17 16 10.000000 
17 17 10.000000 
17 18 10.000000 
17 19 10.000000 
17 20 10.000000 
18 0 0.000000 
18 1 10.000000 
18 2 10.000000 
18 3 10.000000 
18 4 10.000000 
18 5 10.000000 
18 6 92922.039352 
18 7 18922.655310 
18 8 10628.135289 
18 9 22903.814809 
18 10 37439.150405 
18 11 102434.130932 
18 12 10.000000 
18 13 10.000000 
18 14 10.000000 
18 15 10.000000 
18 16 10.000000 
18 17 10.000000 
18 18 10.000000 
18 19 10.000000 
18 20 10.000000 
19 0 0.000000 
19 1 10.000000 
19 2 10.000000 
19 3 10.000000 
19 4 10.000000 
19 5 47299.044771 
19 6 11071.907580 
19 7 3998.019367 
19 8 3510.379103 
19 9 41064.113545 
19 10 102434.130932 
19 11 10.000000 
19 12 10.000000 
19 13 10.000000 
19 14 10.000000 
19 15 10.000000 
19 16 10.000000 
19 17 10.000000 
19 18 10.000000 
19 19 10.000000 
19 20 10.000000 
20 0 0.000000 
20 1 10.000000 
20 2 10.000000 
20 3 10.000000 
20 4 10.000000 
20 5 9014.619318 
20 6 2497.001590 
20 7 1653.402326 
20 8 2802.465070 
20 9 102434.130932 
20 10 10.000000 
20 11 10.000000 
20 12 10.000000 
20 13 10.000000 
20 14 10.000000 
20 15 10.000000 
20 16 10.000000 
20 17 10.000000 
20 18 10.000000 
20 19 10.000000 
20 20 10.000000 
21 0 0.000000 
21 1 10.000000 
21 2 102434.130932 
21 3 10.000000 
21 4 27275.232338 
21 5 3629.634093 
21 6 1463.197700 
21 7 2051.087135 
21 8 102434.130932 
21 9 10.000000 
21 10 10.000000 
21 11 10.000000 
21 12 10.000000 
21 13 10.000000 
21 14 10.000000 
21 15 10.000000 
21 16 10.000000 
21 17 10.000000 
21 18 10.000000 
21 19 10.000000 
21 20 10.000000 
22 0 0.000000 
22 1 10.000000 
22 2 12834.090791 
22 3 6207.911180 
22 4 6139.524616 
22 5 3340.730363 
22 6 2592.814283 
22 7 102434.130932 
22 8 10.000000 
22 9 10.000000 
22 10 10.000000 
22 11 10.000000 
22 12 10.000000 
22 13 10.000000 
22 14 10.000000 
22 15 10.000000 
22 16 10.000000 
22 17 10.000000 
22 18 10.000000 
22 19 10.000000 
22 20 10.000000 
23 0 0.000000 
23 1 10.000000 
23 2 1757.833325 
23 3 930.511491 
23 4 1962.603779 
23 5 9340.182026 
23 6 10.000000 
23 7 10.000000 
23 8 10.000000 
23 9 10.000000 
23 10 10.000000 
23 11 10.000000 
23 12 10.000000 
23 13 10.000000 
23 14 10.000000 
23 15 10.000000 
23 16 10.000000 
23 17 10.000000 
23 18 10.000000 
23 19 10.000000 
23 20 10.000000 
24 0 0.000000 
24 1 0.000000 
24 2 0.000000 
24 3 0.000000 
24 4 0.000000 
24 5 0.000000 
24 6 0.000000 
24 7 0.000000 
24 8 0.000000 
24 9 0.000000 
24 10 0.000000 
24 11 0.000000 
24 12 0.000000 
24 13 0.000000 
24 14 0.000000 
24 15 0.000000 
24 16 0.000000 
24 17 0.000000 
24 18 0.000000 
24 19 0.000000 
24 20 0.000000 
25 0 0.000000 
25 1 0.000000 
25 2 0.000000 
25 3 0.000000 
25 4 0.000000 
25 5 0.000000 
25 6 0.000000 
25 7 0.000000 
25 8 0.000000 
25 9 0.000000 
25 10 0.000000 
25 11 0.000000 
25 12 0.000000 
25 13 0.000000 
25 14 0.000000 
25 15 0.000000 
25 16 0.000000 
25 17 0.000000 
25 18 0.000000 
25 19 0.000000 
25 20 0.000000 
26 0 0.000000 
26 1 0.000000 
26 2 0.000000 
26 3 0.000000 
26 4 0.000000 
26 5 0.000000 
26 6 0.000000 
26 7 0.000000 
26 8 0.000000 
26 9 0.000000 
26 10 0.000000 
26 11 0.000000 
26 12 0.000000 
26 13 0.000000 
26 14 0.000000 
26 15 0.000000 
26 16 0.000000 
26 17 0.000000 
26 18 0.000000 
26 19 0.000000 
26 20 0.000000 
27 0 0.000000 
27 1 0.000000 
27 2 0.000000 
27 3 0.000000 
27 4 0.000000 
27 5 0.000000 
27 6 0.000000 
27 7 0.000000 
27 8 0.000000 
27 9 0.000000 
27 10 0.000000 
27 11 0.000000 
27 12 0.000000 
27 13 0.000000 
27 14 0.000000 
27 15 0.000000 
27 16 0.000000 
27 17 0.000000 
27 18 0.000000 
27 19 0.000000 
27 20 0.000000 
