t = 100000000
b = 25 25 25
E = -1.19124955296556 -1.19124955296556 0
493.193451785118 4.40460995752882 308.541267153958 0.445491963345071 -0.892717911898492 -0.067762476339243 0.86341367399667 0.408384441316381 0.296207775182169 0 0 0 0 0 0
493.618655846303 4.39590658060802 308.861642842226 0.457742167387116 -0.498224986228581 -0.736372217816561 0.881934648850558 0.359276314757427 0.305142269190165 0 0 0 0 0 0
493.019251032609 5.49487812263775 308.89659976719 -0.488055397318305 -0.646540627806356 0.586333738258714 0.0602962126884107 0.645194708071315 0.761635249852387 0 0 0 0 0 0
492.753882567974 5.77452058111546 309.124956777345 0.29680308849677 -0.697444412531157 0.652287737055294 -0.23926286317645 0.606966949466805 0.757855178308859 0 0 0 0 0 0
492.523118550265 5.91068039685888 309.653285517217 0.744658583401392 -0.567922255899544 0.350639464834444 -0.162896549125574 0.354817529227859 0.920635299999605 0 0 0 0 0 0
492.346954563117 5.76575737238964 310.08595099193 0.971549823348298 -0.0114412969094232 0.236558881224991 -0.223853038133228 0.281795128481564 0.932995883070774 0 0 0 0 0 0
492.411009575175 5.67153574607762 310.666359200343 0.992499525888473 0.0880802021258349 -0.0847746775566954 0.0718859315202885 0.140402471872328 0.987481477897333 0 0 0 0 0 0
492.430894795249 5.44938856280834 311.080851596974 0.596069053075853 0.801524727759975 -0.0475397225060673 0.0662527940868035 0.00990823885735597 0.997753729001092 0 0 0 0 0 0
492.858416886632 5.40651132345039 311.424546892717 0.08184656741527 0.991775420001971 -0.0984016565699671 0.200945432293567 0.0802838543329602 0.976307085326106 0 0 0 0 0 0
493.220590117579 5.5008261202658 311.699738785635 -0.562795896733075 0.817592093626577 0.121672032317509 0.281390436112957 0.0510955754930588 0.958232091022867 0 0 0 0 0 0
493.460997506932 5.77764778369025 312.092785686623 -0.829632127394108 0.554932624276228 0.0613228020503771 0.303296921453016 0.355746894680035 0.883999575191735 0 0 0 0 0 0
493.693627525017 6.13905126979291 312.307438316881 -0.934872099426234 -0.101172029501621 0.340262266243167 0.282119844076685 0.370028612972034 0.885148159324093 0 0 0 0 0 0
493.651360783806 6.54934029604369 312.718952062568 -0.737571881358834 -0.562401617974747 0.373754175166141 0.194826364630547 0.352719014861816 0.91522239792725 0 0 0 0 0 0
493.458871533921 6.84226068808435 313.091715366906 -0.373872308493969 -0.874017950344833 0.310342234240956 -0.214600663419804 0.407048049532817 0.887839280011509 0 0 0 0 0 0
493.173866798572 6.98821230769378 313.360717189464 0.156712281504639 -0.865939802016067 0.474962723982565 -0.384290006250569 0.38954527966311 0.837004003731513 0 0 0 0 0 0
492.793396590923 6.96504544680582 313.751011170353 0.732170351007896 -0.543071787797106 0.411095806879244 -0.241824028372524 0.356974654661025 0.902269588574073 0 0 0 0 0 0
492.578398562559 6.7986377473655 314.235120001478 0.974204517456338 -0.0693881919589444 0.214734545077126 -0.191096139681165 0.25247503492388 0.948545556943474 0 0 0 0 0 0
492.588947091809 6.60605363521926 314.680321717163 0.829865471417075 0.55637360854157 0.0420921735394241 -0.148784895627997 0.147951496859275 0.977739009486855 0 0 0 0 0 0
492.664611152902 6.51602959561198 315.17859600605 0.518286056358935 0.826958421277905 -0.217989623426171 -0.0946151416762783 0.308778157998674 0.946416468483899 0 0 0 0 0 0
492.921127573568 6.68495263205223 315.62403043378 -0.190682239530069 0.902463955061473 -0.386263181892524 -0.169410134878056 0.357326396271716 0.918486870942199 0 0 0 0 0 0
493.03447704801 6.99540701694741 316.007312439092 -0.776775322329918 0.394852577849266 -0.490623671504573 -0.351856061239499 0.37401988628168 0.858083073606029 0 0 0 0 0 0
497.50182591408 3.37420694737728 306.889470365987 -0.873672850669651 0.482097463465719 -0.0654059071891961 0.163631538350518 0.417784806796744 0.893689301751958 0 0 0 0 0 0
497.659309216049 3.75262867333079 307.114561959548 -0.989170650901875 -0.0188015983661521 0.145561111904211 0.110739636276703 0.555274347678382 0.824261687440259 0 0 0 0 0 0
497.542496379323 4.20074828642026 307.368527140087 -0.842351304994868 -0.439343805484563 0.312124103961344 -0.0740789526690657 0.668049725374661 0.74042011843113 0 0 0 0 0 0
497.303306327201 4.60252764357343 307.543712235884 -0.339867891947737 -0.781827608857777 0.522719319053407 -0.265403235007674 0.612946290861628 0.744216405226231 0 0 0 0 0 0
496.887002476573 4.9133244638122 307.85011882177 0.253026555745987 -0.844217723284447 0.472518817823412 -0.339273856879755 0.37996535133023 0.86053446161385 0 0 0 0 0 0
496.45560172657 4.97871439561148 308.230709203349 0.687603446593194 -0.490479888106403 0.535379460363736 -0.282995583861002 0.498004136942086 0.819698467267644 0 0 0 0 0 0
496.325762302917 4.70282751736667 308.580816704683 0.760287649654996 0.362066295678157 0.53932446106956 -0.591754093788002 0.0435823127419873 0.804939648878795 0 0 0 0 0 0
496.192929912901 4.63958800060646 309.13814473363 0.774880133936823 0.625319172203564 0.0923945338888453 -0.349961215443559 0.302675098366006 0.886518454211704 0 0 0 0 0 0
496.169516941693 4.74419336338334 309.780723772603 0.706744140584093 0.627263703114276 -0.327189592250449 -0.152885496796671 0.586964874016511 0.795046118210041 0 0 0 0 0 0
496.355061657086 4.87564915534662 310.262205189829 0.0626466571905527 0.742884310499149 -0.666482070005614 -0.130242720660272 0.668168414657799 0.73252156424796 0 0 0 0 0 0
496.514778173347 5.29215267889782 310.516624464885 -0.407126969973548 0.461256455169614 -0.788346441802177 -0.23257911956499 0.782311761310208 0.577836729194894 0 0 0 0 0 0
496.585783589966 5.83819133200325 310.623544645461 -0.805356457102977 -0.0349488107330946 -0.591759845353287 -0.40762499150744 0.757441477271556 0.510024045061821 0 0 0 0 0 0
495.982255941733 6.49767981006376 310.97007634898 -0.501607278563342 0.601392270564804 0.621866191231816 0.0734221227259384 0.745842633075312 -0.662063483733819 0 0 0 0 0 0
495.983341491461 6.85129347590077 310.481878172401 -0.643930772007359 0.282415924049836 0.711051656322127 -0.321583843250816 0.743383669463392 -0.58648497528206 0 0 0 0 0 0
496.024810187596 7.72625793887455 310.5715837992 -0.486136462124667 0.525603739343762 0.698149108892335 -0.36185269170676 0.606125844533823 -0.708289652251529 0 0 0 0 0 0
495.796637211663 8.2284389277468 310.402917314048 -0.606005527354241 0.145869670733643 0.781971503824791 -0.416258524687098 0.779550508565075 -0.468006425622729 0 0 0 0 0 0
495.468243863076 8.58080152331851 310.134096232927 -0.268966431866835 -0.0165800448304614 0.963006813697842 -0.722771525587664 0.664332269397072 -0.190431244320371 0 0 0 0 0 0
495.932963117226 9.45962004566552 310.261225559561 0.803011635451357 -0.0110795073090446 -0.595860382250507 -0.0216733282106197 0.998622920107199 -0.0477766017530498 0 0 0 0 0 0
495.985284604167 9.9602221231258 310.380630201205 0.524535866845778 -0.0889824984354169 -0.846725612553496 0.328567753597117 0.938636676296937 0.104902150691942 0 0 0 0 0 0
496.429307159164 10.3055628437177 310.383398980763 -0.137707993006508 0.150230623600589 -0.979013461391518 0.325083224944386 0.940531394583487 0.0985992986967192 0 0 0 0 0 0
496.77102517865 10.6229043089986 310.348752887901 -0.726949459069514 0.351862679704447 -0.589692498653185 0.358781967799377 0.926829624981689 0.110736287916784 0 0 0 0 0 0
496.527173316332 11.6537245393339 310.58479443178 -0.126660740894459 0.622473885707472 -0.772323307622609 -0.420467733696756 -0.738877785203589 -0.52656101858032 0 0 0 0 0 0
496.113220814942 11.4331322979502 310.378165329603 0.575053339274158 0.24802479236921 -0.779613648205578 -0.420519702718853 -0.72780444304639 -0.541723171455506 0 0 0 0 0 0
495.922445917797 11.2915288122792 309.884720284682 0.962214568084445 -0.164606787246748 -0.216905089156092 -0.254838293001703 -0.82500653426726 -0.504402401101262 0 0 0 0 0 0
495.928126709538 10.9402063639823 309.552155765887 0.672493691789281 -0.330202113369404 0.662358558525806 -0.275056477703477 -0.942361014169319 -0.19052494851638 0 0 0 0 0 0
496.082787726766 10.5286832940275 309.352613424318 -0.132441357022846 -0.127922165732795 0.982901501997964 -0.455429625729526 -0.872907933166523 -0.174973771046356 0 0 0 0 0 0
496.145693653725 10.0966546373654 309.390026251374 -0.629744432337015 0.168136118643948 0.758387885501464 -0.304722580336477 -0.951511056668528 -0.0420813298775856 0 0 0 0 0 0
492.537230360571 7.8743870444173 315.574757072729 0.663247425128296 -0.640081842811807 0.387812031031521 0.338939193749185 -0.205099822462131 -0.918179915886179 0 0 0 0 0 0
492.779346194768 7.76929118148796 315.142344936615 0.181273138898778 -0.861396467815895 0.474485275559843 0.357807063720008 -0.391642077435226 -0.847697251716754 0 0 0 0 0 0
493.224051287925 7.56006540060212 314.858294228606 -0.405632081782068 -0.854440026134232 0.324645912837752 0.202670072896423 -0.430414036888307 -0.87958437208481 0 0 0 0 0 0
493.582439867241 7.25749932152376 314.707855798399 -0.790985547193309 -0.611348090998758 0.0244038319802055 0.361332530751127 -0.498949776243307 -0.787710636194414 0 0 0 0 0 0
493.782234865745 6.83017421893773 314.484539545947 -0.977027972967956 -0.0697243754692705 -0.201382630898067 0.199002344750988 -0.636610728706644 -0.745067102034471 0 0 0 0 0 0
493.715654705745 6.34506118817468 314.277641063337 -0.710624225946512 0.518975494945612 -0.475055373298841 0.121774789590254 -0.574289739846694 -0.809544398695389 0 0 0 0 0 0
493.495806139154 5.92851367311172 313.921875859832 -0.278491266134491 0.835873566204419 -0.473030887110249 -0.0277762576246471 -0.499318907263273 -0.86597303646136 0 0 0 0 0 0
493.149666573421 5.77405699141906 313.554800664335 0.162446151422141 0.878641957200617 -0.448998536896048 -0.201914647066047 -0.415812657983897 -0.886752719960158 0 0 0 0 0 0
492.81535514514 5.77457258579158 313.06981149127 0.596681921521415 0.763372308979901 -0.247454063757007 -0.268615091442042 -0.100578490951496 -0.957982238728881 0 0 0 0 0 0
492.578997317723 6.01350314924453 312.645566654357 0.95513690989782 0.0732323679173097 -0.286967938828962 -0.291492828847565 0.0610235877861845 -0.954624605736974 0 0 0 0 0 0
492.458295629382 6.33836550390134 312.296739485921 0.796148856146367 -0.538217220149242 -0.276530923078229 -0.153169943115115 0.262861739327553 -0.952597935109435 0 0 0 0 0 0
492.536829567812 6.54261308606948 311.807167866507 0.488952599266915 -0.861414684338973 -0.137442020053839 0.0650980339066333 0.193154928166556 -0.979006397162147 0 0 0 0 0 0
492.838364877278 6.58616894259651 311.373321038606 0.0826149225240277 -0.996513293032317 -0.0116686812704419 0.220571990670591 0.0297021141188339 -0.974918375749872 0 0 0 0 0 0
493.165596569954 6.48130845776677 310.963249988234 -0.57553176369955 -0.815624415092526 0.0593300728118051 0.215159895195004 -0.22101897497936 -0.951239625761011 0 0 0 0 0 0
493.437187902245 6.22444984878461 310.480543902279 -0.57430310958165 -0.70935579517007 0.408644678494614 0.0567985368889074 -0.532497085773681 -0.844524097789846 0 0 0 0 0 0
493.488625819423 5.75326013114663 310.379643064829 -0.974268711828911 0.00870670382040761 -0.225221553004247 0.171808033453197 -0.618086786179572 -0.767105488818841 0 0 0 0 0 0
494.422887475112 5.63030522135318 309.864103567209 -0.649252968061637 0.634980718422489 -0.418652790281204 0.713871131190128 0.698671851011848 -0.0473895565482731 0 0 0 0 0 0
495.282220443865 5.98259033009661 310.393403841165 0.764951650160354 0.627422677700036 -0.145567350555415 0.469814979821311 -0.698140275235059 -0.540253727014345 0 0 0 0 0 0
495.593917656617 5.97354395175356 309.921412759064 0.818164067173738 -0.00763080691027535 0.574934286005693 0.471346042547898 -0.563764783137756 -0.678234714536386 0 0 0 0 0 0
495.933498960013 5.89700899851794 309.569902380844 0.506844540783331 -0.375352344453283 0.776027889730884 0.581878530107524 -0.515230750354318 -0.629249322725315 0 0 0 0 0 0
496.439532159664 5.8276040496845 309.401908676507 -0.0842906649063676 -0.719658096992971 0.689193355601921 0.614314781998092 -0.582104350190844 -0.532702562204453 0 0 0 0 0 0
496.91856399729 5.62784947171438 309.374021316907 -0.581744316772523 -0.761413146997494 0.286048332510318 0.474305080613865 -0.603262678467611 -0.641177746421614 0 0 0 0 0 0
497.209705464712 5.17763050818877 309.269662250062 -0.951113059185319 -0.260357054047504 -0.166127442853768 0.295085718142907 -0.607323903603584 -0.737619281323493 0 0 0 0 0 0
497.39310226009 4.70018451566241 309.086759730049 -0.952107938610275 0.108768741284273 -0.285761968973581 0.135321319520005 -0.688181821524101 -0.712807066116692 0 0 0 0 0 0
497.294593013957 4.33296479919351 308.819565453377 -0.735353766780708 0.519078536968579 -0.435674662691165 -0.0341080356704944 -0.670422029161076 -0.74119570144283 0 0 0 0 0 0
497.114877683514 3.93174751330328 308.513806497464 -0.277845386818228 0.773834159769957 -0.569194855997187 -0.0352198178227783 -0.600332659855749 -0.798974595504607 0 0 0 0 0 0
496.799455139885 3.69451419041896 308.173679293397 0.440222915566911 0.782055454653344 -0.441127285215187 0.0691889240960346 -0.519379506242069 -0.851738232997116 0 0 0 0 0 0
496.560615768124 3.58136943198794 307.683415846469 0.778651353883743 0.566064788148994 -0.270689617272329 0.00516107038566513 -0.437170992887024 -0.899363614710873 0 0 0 0 0 0
496.413043038535 3.61784096827623 307.251712647545 0.983840364414147 0.128227741524526 -0.124963682361257 -0.11554023583834 -0.0784965764693177 -0.990196395198336 0 0 0 0 0 0
496.436931109843 3.82538417571202 306.743106762071 0.89133004241142 -0.422182352248456 0.165205460880972 0.0939886014973371 -0.184406553565241 -0.978345801823455 0 0 0 0 0 0
