#t = 100000000; extr. Ts: 0.103383 
0 0 0 0 0 
1 0 0 0 0 
2 0 0 0 0 
3 0 0 0 0 
4 0 0 0 0 
5 0 0 0 0 
6 0 0 0 0 
7 0 0 0 0 
8 0 0 0 0 
9 0 0 0 0 
10 0 0 0 0 
11 0 0 0 0 
12 0 0 0 0 
13 0 0 0 0 
14 0 0 0 0 
15 0 0 0 0 
16 0 0 0 0 
17 0 0 0 0 
18 0 0 0 0 
19 0 0 0 0 
20 0 0 0 0 
21 0 0 0 0 
22 0 0 0 0 
23 0 0 0 0 
24 0 0 0 0 
25 0 0 0 0 
26 0 0 0 0 
27 0 0 0 0 
0 1 0 0 0 
1 1 0 0 0 
2 1 0 0 0 
3 1 0 0 0 
4 1 0 0 0 
5 1 0 0 0 
6 1 0 0 0 
7 1 0 0 0 
8 1 0 0 0 
9 1 0 0 0 
10 1 0 0 0 
11 1 0 0 0 
12 1 0 0 0 
13 1 0 0 0 
14 1 0 0 0 
15 1 0 0 0 
16 1 0 0 0 
17 1 0 0 0 
18 1 0 0 0 
19 1 0 0 0 
20 1 0 0 0 
21 1 0 0 0 
22 1 0 0 0 
23 1 0 0 0 
24 1 0 0 0 
25 1 0 0 0 
26 1 0 0 0 
27 1 0 0 0 
0 2 0 0 0 
1 2 0 0 0 
2 2 0 0 0 
3 2 0 0 0 
4 2 0 0 0 
5 2 0 0 0 
6 2 0 0 0 
7 2 0 0 0 
8 2 0 0 0 
9 2 0 0 0 
10 2 0 0 0 
11 2 0 0 0 
12 2 0 0 0 
13 2 0 0 0 
14 2 0 0 0 
15 2 0 0 0 
16 2 0 0 0 
17 2 0 0 0 
18 2 0 0 0 
19 2 0 0 0 
20 2 0 0 0 
21 2 0 0 0 
22 2 3.88151e+09 27958.1 2.01926e-12 
23 2 6.14327e+08 367389 1.61073e-11 
24 2 0 0 0 
25 2 0 0 0 
26 2 0 0 0 
27 2 0 0 0 
0 3 0 0 0 
1 3 0 0 0 
2 3 0 0 0 
3 3 0 0 0 
4 3 0 0 0 
5 3 0 0 0 
6 3 0 0 0 
7 3 0 0 0 
8 3 0 0 0 
9 3 0 0 0 
10 3 0 0 0 
11 3 0 0 0 
12 3 0 0 0 
13 3 0 0 0 
14 3 0 0 0 
15 3 0 0 0 
16 3 0 0 0 
17 3 0 0 0 
18 3 0 0 0 
19 3 0 0 0 
20 3 0 0 0 
21 3 0 0 0 
22 3 3.49237e+08 71920.2 4.12368e-12 
23 3 2.96688e+08 767791 2.53461e-11 
24 3 0 0 0 
25 3 0 0 0 
26 3 0 0 0 
27 3 0 0 0 
0 4 0 0 0 
1 4 0 0 0 
2 4 0 0 0 
3 4 0 0 0 
4 4 0 0 0 
5 4 0 0 0 
6 4 0 0 0 
7 4 0 0 0 
8 4 0 0 0 
9 4 0 0 0 
10 4 0 0 0 
11 4 0 0 0 
12 4 0 0 0 
13 4 0 0 0 
14 4 0 0 0 
15 4 0 0 0 
16 4 0 0 0 
17 4 0 0 0 
18 4 0 0 0 
19 4 0 0 0 
20 4 0 0 0 
21 4 1.54537e+08 66356 3.77421e-12 
22 4 9.20164e+07 259470 1.05075e-11 
23 4 1.13482e+08 1.10021e+06 2.92726e-11 
24 4 0 0 0 
25 4 0 0 0 
26 4 0 0 0 
27 4 0 0 0 
0 5 0 0 0 
1 5 0 0 0 
2 5 0 0 0 
3 5 0 0 0 
4 5 0 0 0 
5 5 0 0 0 
6 5 0 0 0 
7 5 0 0 0 
8 5 0 0 0 
9 5 0 0 0 
10 5 0 0 0 
11 5 0 0 0 
12 5 0 0 0 
13 5 0 0 0 
14 5 0 0 0 
15 5 0 0 0 
16 5 0 0 0 
17 5 0 0 0 
18 5 0 0 0 
19 5 1.86265e+08 14467 1.24431e-12 
20 5 1.26652e+08 168489 9.18604e-12 
21 5 1.1173e+08 960141 3.33982e-11 
22 5 4.82137e+07 2.32781e+06 5.8478e-11 
23 5 2.33983e+07 2.67013e+06 5.30439e-11 
24 5 0 0 0 
25 5 0 0 0 
26 5 0 0 0 
27 5 0 0 0 
0 6 0 0 0 
1 6 0 0 0 
2 6 0 0 0 
3 6 0 0 0 
4 6 0 0 0 
5 6 0 0 0 
6 6 0 0 0 
7 6 0 0 0 
8 6 0 0 0 
9 6 0 0 0 
10 6 0 0 0 
11 6 0 0 0 
12 6 0 0 0 
13 6 0 0 0 
14 6 0 0 0 
15 6 0 0 0 
16 6 0 0 0 
17 6 0 0 0 
18 6 2.09883e+08 6872.27 5.38061e-13 
19 6 1.14494e+08 72004.7 3.98013e-12 
20 6 2.01937e+08 805006 2.91425e-11 
21 6 1.0041e+08 4.10371e+06 9.96833e-11 
22 6 3.91439e+07 7.69658e+06 1.39584e-10 
23 6 8.93299e+06 3.09894e+06 4.11837e-11 
24 6 0 0 0 
25 6 0 0 0 
26 6 0 0 0 
27 6 0 0 0 
0 7 0 0 0 
1 7 0 0 0 
2 7 0 0 0 
3 7 0 0 0 
4 7 0 0 0 
5 7 0 0 0 
6 7 0 0 0 
7 7 0 0 0 
8 7 0 0 0 
9 7 0 0 0 
10 7 0 0 0 
11 7 0 0 0 
12 7 0 0 0 
13 7 0 0 0 
14 7 0 0 0 
15 7 0 0 0 
16 7 0 0 0 
17 7 3.90822e+07 7769.41 4.28329e-13 
18 7 6.09909e+07 41700.2 1.86214e-12 
19 7 1.13857e+08 306032 1.06701e-11 
20 7 1.03422e+08 1.8871e+06 4.62439e-11 
21 7 5.5592e+07 5.63789e+06 9.45482e-11 
22 7 2.20687e+07 6.45459e+06 7.45213e-11 
23 7 8195 2587.36 3.36005e-14 
24 7 0 0 0 
25 7 0 0 0 
26 7 0 0 0 
27 7 0 0 0 
0 8 0 0 0 
1 8 0 0 0 
2 8 0 0 0 
3 8 0 0 0 
4 8 0 0 0 
5 8 0 0 0 
6 8 0 0 0 
7 8 0 0 0 
8 8 0 0 0 
9 8 0 0 0 
10 8 0 0 0 
11 8 0 0 0 
12 8 0 0 0 
13 8 0 0 0 
14 8 0 0 0 
15 8 0 0 0 
16 8 2.20901e+07 5692.1 3.72673e-13 
17 8 1.31585e+07 33251.3 1.50727e-12 
18 8 3.30562e+07 181370 5.71067e-12 
19 8 3.47575e+07 836107 1.90577e-11 
20 8 2.42656e+07 2.40163e+06 4.38761e-11 
21 8 1.2161e+07 2.47648e+06 3.16894e-11 
22 8 330393 47419.4 5.59279e-13 
23 8 0 0 0 
24 8 0 0 0 
25 8 0 0 0 
26 8 0 0 0 
27 8 0 0 0 
0 9 0 0 0 
1 9 0 0 0 
2 9 0 0 0 
3 9 0 0 0 
4 9 0 0 0 
5 9 0 0 0 
6 9 0 0 0 
7 9 0 0 0 
8 9 0 0 0 
9 9 0 0 0 
10 9 0 0 0 
11 9 0 0 0 
12 9 0 0 0 
13 9 0 0 0 
14 9 0 0 0 
15 9 1.28678e+07 14347.8 9.98574e-13 
16 9 9.45015e+06 62854.8 3.2172e-12 
17 9 1.02387e+07 270039 1.07203e-11 
18 9 1.14206e+07 806797 2.33352e-11 
19 9 9.09882e+06 1.3783e+06 2.22451e-11 
20 9 4.76504e+06 1.11748e+06 1.5171e-11 
21 9 18071 3127.14 3.93273e-14 
22 9 0 0 0 
23 9 0 0 0 
24 9 0 0 0 
25 9 0 0 0 
26 9 0 0 0 
27 9 0 0 0 
0 10 0 0 0 
1 10 0 0 0 
2 10 0 0 0 
3 10 0 0 0 
4 10 0 0 0 
5 10 0 0 0 
6 10 0 0 0 
7 10 0 0 0 
8 10 0 0 0 
9 10 0 0 0 
10 10 0 0 0 
11 10 0 0 0 
12 10 0 0 0 
13 10 67 670 2.29659e-14 
14 10 1.22462e+07 21987.3 1.77755e-12 
15 10 8.74111e+06 87073.4 4.19356e-12 
16 10 6.99733e+06 306158 9.78478e-12 
17 10 5.74557e+06 812167 1.99905e-11 
18 10 5.3355e+06 1.48475e+06 2.49833e-11 
19 10 4.08384e+06 1.31214e+06 1.41934e-11 
20 10 122923 24777.5 2.15149e-13 
21 10 0 0 0 
22 10 0 0 0 
23 10 0 0 0 
24 10 0 0 0 
25 10 0 0 0 
26 10 0 0 0 
27 10 0 0 0 
0 11 0 0 0 
1 11 0 0 0 
2 11 0 0 0 
3 11 0 0 0 
4 11 0 0 0 
5 11 0 0 0 
6 11 0 0 0 
7 11 0 0 0 
8 11 0 0 0 
9 11 0 0 0 
10 11 0 0 0 
11 11 0 0 0 
12 11 0 0 0 
13 11 2.4476e+07 14226.5 1.04031e-12 
14 11 1.476e+07 77992.1 4.18667e-12 
15 11 1.07525e+07 350125 1.21419e-11 
16 11 7.24023e+06 1.03349e+06 2.08191e-11 
17 11 3.78159e+06 1.52637e+06 2.17122e-11 
18 11 727362 389889 3.66942e-12 
19 11 79273 15859.1 1.54087e-13 
20 11 0 0 0 
21 11 0 0 0 
22 11 0 0 0 
23 11 0 0 0 
24 11 0 0 0 
25 11 0 0 0 
26 11 0 0 0 
27 11 0 0 0 
0 12 0 0 0 
1 12 0 0 0 
2 12 0 0 0 
3 12 0 0 0 
4 12 0 0 0 
5 12 0 0 0 
6 12 0 0 0 
7 12 0 0 0 
8 12 0 0 0 
9 12 0 0 0 
10 12 0 0 0 
11 12 0 0 0 
12 12 1.335e+08 5773.82 4.35522e-13 
13 12 3.40942e+07 50352 2.56108e-12 
14 12 1.20393e+07 194636 7.09977e-12 
15 12 7.82964e+06 558607 1.28451e-11 
16 12 5.28768e+06 1.18286e+06 1.73104e-11 
17 12 2.36296e+06 1.09411e+06 1.0984e-11 
18 12 0 0 0 
19 12 0 0 0 
20 12 0 0 0 
21 12 0 0 0 
22 12 0 0 0 
23 12 0 0 0 
24 12 0 0 0 
25 12 0 0 0 
26 12 0 0 0 
27 12 0 0 0 
0 13 0 0 0 
1 13 0 0 0 
2 13 0 0 0 
3 13 0 0 0 
4 13 0 0 0 
5 13 0 0 0 
6 13 0 0 0 
7 13 0 0 0 
8 13 0 0 0 
9 13 0 0 0 
10 13 0 0 0 
11 13 3.43275e+07 1165.48 8.9727e-14 
12 13 4.45743e+07 20250.7 9.91559e-13 
13 13 1.99635e+07 147919 4.88805e-12 
14 13 9.36696e+06 445584 1.12327e-11 
15 13 4.66179e+06 617039 1.15596e-11 
16 13 973811 178427 2.15311e-12 
17 13 3969 469.629 2.32976e-15 
18 13 0 0 0 
19 13 0 0 0 
20 13 0 0 0 
21 13 0 0 0 
22 13 0 0 0 
23 13 0 0 0 
24 13 0 0 0 
25 13 0 0 0 
26 13 0 0 0 
27 13 0 0 0 
0 14 0 0 0 
1 14 0 0 0 
2 14 0 0 0 
3 14 0 0 0 
4 14 0 0 0 
5 14 0 0 0 
6 14 0 0 0 
7 14 0 0 0 
8 14 0 0 0 
9 14 0 0 0 
10 14 5.84303e+07 282.462 2.91873e-14 
11 14 7.99208e+06 3005.8 1.74603e-13 
12 14 1.59773e+07 42936 1.6022e-12 
13 14 1.07126e+07 255043 5.85794e-12 
14 14 5.09143e+06 605485 1.12112e-11 
15 14 2.17727e+06 466255 6.58254e-12 
16 14 0 0 0 
17 14 0 0 0 
18 14 0 0 0 
19 14 0 0 0 
20 14 0 0 0 
21 14 0 0 0 
22 14 0 0 0 
23 14 0 0 0 
24 14 0 0 0 
25 14 0 0 0 
26 14 0 0 0 
27 14 0 0 0 
0 15 0 0 0 
1 15 0 0 0 
2 15 0 0 0 
3 15 0 0 0 
4 15 0 0 0 
5 15 0 0 0 
6 15 0 0 0 
7 15 0 0 0 
8 15 0 0 0 
9 15 1.4843e+06 323.848 3.15742e-14 
10 15 2.28002e+06 1970.25 1.23317e-13 
11 15 1.84294e+06 9894.99 4.28766e-13 
12 15 2.73454e+06 53282.2 1.38854e-12 
13 15 2.6691e+06 176953 2.62398e-12 
14 15 1.20374e+06 201695 1.94995e-12 
15 15 16830 2884.98 2.56523e-14 
16 15 0 0 0 
17 15 0 0 0 
18 15 0 0 0 
19 15 0 0 0 
20 15 0 0 0 
21 15 0 0 0 
22 15 0 0 0 
23 15 0 0 0 
24 15 0 0 0 
25 15 0 0 0 
26 15 0 0 0 
27 15 0 0 0 
0 16 0 0 0 
1 16 0 0 0 
2 16 0 0 0 
3 16 0 0 0 
4 16 0 0 0 
5 16 0 0 0 
6 16 0 0 0 
7 16 649511 89.4473 1.33264e-14 
8 16 1.13331e+06 726.836 7.39967e-14 
9 16 1.39665e+06 3096.33 2.13772e-13 
10 16 948515 11977.5 3.62556e-13 
11 16 864005 57318.2 1.47247e-12 
12 16 686304 116933 1.84952e-12 
13 16 331420 64753.9 7.89371e-13 
14 16 150230 13302.6 9.06978e-14 
15 16 0 0 0 
16 16 0 0 0 
17 16 0 0 0 
18 16 0 0 0 
19 16 0 0 0 
20 16 0 0 0 
21 16 0 0 0 
22 16 0 0 0 
23 16 0 0 0 
24 16 0 0 0 
25 16 0 0 0 
26 16 0 0 0 
27 16 0 0 0 
0 17 0 0 0 
1 17 0 0 0 
2 17 0 0 0 
3 17 0 0 0 
4 17 0 0 0 
5 17 22446 0.249286 4.8344e-17 
6 17 66474 10.2741 1.08438e-15 
7 17 69529 93.594 1.17355e-14 
8 17 81361 486.669 5.95191e-14 
9 17 269606 4626.89 2.09087e-13 
10 17 369916 23404 7.94616e-13 
11 17 484266 118235 2.90553e-12 
12 17 232091 103307 2.15099e-12 
13 17 0 0 0 
14 17 0 0 0 
15 17 0 0 0 
16 17 0 0 0 
17 17 0 0 0 
18 17 0 0 0 
19 17 0 0 0 
20 17 0 0 0 
21 17 0 0 0 
22 17 0 0 0 
23 17 0 0 0 
24 17 0 0 0 
25 17 0 0 0 
26 17 0 0 0 
27 17 0 0 0 
0 18 0 0 0 
1 18 0 0 0 
2 18 0 0 0 
3 18 0 0 0 
4 18 0 0 0 
5 18 0 0 0 
6 18 0 0 0 
7 18 0 0 0 
8 18 0 0 0 
9 18 0 0 0 
10 18 0 0 0 
11 18 0 0 0 
12 18 0 0 0 
13 18 0 0 0 
14 18 0 0 0 
15 18 0 0 0 
16 18 0 0 0 
17 18 0 0 0 
18 18 0 0 0 
19 18 0 0 0 
20 18 0 0 0 
21 18 0 0 0 
22 18 0 0 0 
23 18 0 0 0 
24 18 0 0 0 
25 18 0 0 0 
26 18 0 0 0 
27 18 0 0 0 
0 19 0 0 0 
1 19 0 0 0 
2 19 0 0 0 
3 19 0 0 0 
4 19 0 0 0 
5 19 0 0 0 
6 19 0 0 0 
7 19 0 0 0 
8 19 0 0 0 
9 19 0 0 0 
10 19 0 0 0 
11 19 0 0 0 
12 19 0 0 0 
13 19 0 0 0 
14 19 0 0 0 
15 19 0 0 0 
16 19 0 0 0 
17 19 0 0 0 
18 19 0 0 0 
19 19 0 0 0 
20 19 0 0 0 
21 19 0 0 0 
22 19 0 0 0 
23 19 0 0 0 
24 19 0 0 0 
25 19 0 0 0 
26 19 0 0 0 
27 19 0 0 0 
0 20 0 0 0 
1 20 0 0 0 
2 20 0 0 0 
3 20 0 0 0 
4 20 0 0 0 
5 20 0 0 0 
6 20 0 0 0 
7 20 0 0 0 
8 20 0 0 0 
9 20 0 0 0 
10 20 0 0 0 
11 20 0 0 0 
12 20 0 0 0 
13 20 0 0 0 
14 20 0 0 0 
15 20 0 0 0 
16 20 0 0 0 
17 20 0 0 0 
18 20 0 0 0 
19 20 0 0 0 
20 20 0 0 0 
21 20 0 0 0 
22 20 0 0 0 
23 20 0 0 0 
24 20 0 0 0 
25 20 0 0 0 
26 20 0 0 0 
27 20 0 0 0 
