0 0 0.000000 
0 1 0.000000 
0 2 0.000000 
0 3 0.000000 
0 4 0.000000 
0 5 0.000000 
0 6 0.000000 
0 7 0.000000 
0 8 0.000000 
0 9 0.000000 
0 10 0.000000 
0 11 0.000000 
0 12 0.000000 
0 13 0.000000 
0 14 0.000000 
0 15 0.000000 
0 16 0.000000 
0 17 0.000000 
0 18 0.000000 
0 19 0.000000 
0 20 0.000000 
1 0 0.000000 
1 1 0.000000 
1 2 0.000000 
1 3 0.000000 
1 4 0.000000 
1 5 0.000000 
1 6 0.000000 
1 7 0.000000 
1 8 0.000000 
1 9 0.000000 
1 10 0.000000 
1 11 0.000000 
1 12 0.000000 
1 13 0.000000 
1 14 0.000000 
1 15 0.000000 
1 16 0.000000 
1 17 0.000000 
1 18 0.000000 
1 19 0.000000 
1 20 0.000000 
2 0 0.000000 
2 1 0.000000 
2 2 0.000000 
2 3 0.000000 
2 4 0.000000 
2 5 0.000000 
2 6 0.000000 
2 7 0.000000 
2 8 0.000000 
2 9 0.000000 
2 10 0.000000 
2 11 0.000000 
2 12 0.000000 
2 13 0.000000 
2 14 0.000000 
2 15 0.000000 
2 16 0.000000 
2 17 0.000000 
2 18 0.000000 
2 19 0.000000 
2 20 0.000000 
3 0 0.000000 
3 1 0.000000 
3 2 0.000000 
3 3 0.000000 
3 4 0.000000 
3 5 0.000000 
3 6 0.000000 
3 7 0.000000 
3 8 0.000000 
3 9 0.000000 
3 10 0.000000 
3 11 0.000000 
3 12 0.000000 
3 13 0.000000 
3 14 0.000000 
3 15 0.000000 
3 16 0.000000 
3 17 0.000000 
3 18 0.000000 
3 19 0.000000 
3 20 0.000000 
4 0 0.000000 
4 1 0.010000 
4 2 0.010000 
4 3 0.010000 
4 4 0.010000 
4 5 0.010000 
4 6 0.010000 
4 7 0.010000 
4 8 0.010000 
4 9 0.010000 
4 10 0.010000 
4 11 0.010000 
4 12 0.010000 
4 13 0.010000 
4 14 0.010000 
4 15 0.010000 
4 16 0.010000 
4 17 514175.966365 
4 18 36906.159877 
4 19 5591.809574 
4 20 3903.517159 
5 0 0.000000 
5 1 0.010000 
5 2 0.010000 
5 3 0.010000 
5 4 0.010000 
5 5 0.010000 
5 6 0.010000 
5 7 0.010000 
5 8 0.010000 
5 9 0.010000 
5 10 0.010000 
5 11 0.010000 
5 12 0.010000 
5 13 0.010000 
5 14 0.010000 
5 15 0.010000 
5 16 0.010000 
5 17 90041.162354 
5 18 6612.286992 
5 19 989.796973 
5 20 685.875258 
6 0 0.000000 
6 1 0.010000 
6 2 0.010000 
6 3 0.010000 
6 4 0.010000 
6 5 0.010000 
6 6 0.010000 
6 7 0.010000 
6 8 0.010000 
6 9 0.010000 
6 10 0.010000 
6 11 0.010000 
6 12 0.010000 
6 13 0.010000 
6 14 0.010000 
6 15 0.010000 
6 16 0.010000 
6 17 6470.047139 
6 18 480.389471 
6 19 72.639626 
6 20 50.719420 
7 0 0.000000 
7 1 0.010000 
7 2 0.010000 
7 3 0.010000 
7 4 0.010000 
7 5 0.010000 
7 6 0.010000 
7 7 0.010000 
7 8 0.010000 
7 9 0.010000 
7 10 0.010000 
7 11 0.010000 
7 12 0.010000 
7 13 0.010000 
7 14 0.010000 
7 15 0.010000 
7 16 7261.382924 
7 17 742.878632 
7 18 56.237626 
7 19 8.734108 
7 20 6.157372 
8 0 0.000000 
8 1 0.010000 
8 2 0.010000 
8 3 0.010000 
8 4 0.010000 
8 5 0.010000 
8 6 0.010000 
8 7 0.010000 
8 8 0.010000 
8 9 0.010000 
8 10 0.010000 
8 11 0.010000 
8 12 0.010000 
8 13 0.010000 
8 14 0.010000 
8 15 0.010000 
8 16 1559.238940 
8 17 167.179452 
8 18 13.263953 
8 19 2.260572 
8 20 1.649161 
9 0 0.000000 
9 1 0.010000 
9 2 0.010000 
9 3 0.010000 
9 4 0.010000 
9 5 0.010000 
9 6 0.010000 
9 7 0.010000 
9 8 0.010000 
9 9 0.010000 
9 10 0.010000 
9 11 0.010000 
9 12 0.010000 
9 13 0.010000 
9 14 0.010000 
9 15 4583.334564 
9 16 451.065248 
9 17 58.269427 
9 18 5.507094 
9 19 1.222347 
9 20 1.000000 
10 0 0.000000 
10 1 0.010000 
10 2 0.010000 
10 3 0.010000 
10 4 0.010000 
10 5 0.010000 
10 6 0.010000 
10 7 0.010000 
10 8 0.010000 
10 9 0.010000 
10 10 0.010000 
10 11 0.010000 
10 12 0.010000 
10 13 0.010000 
10 14 206861.166667 
10 15 1157.222108 
10 16 79.191644 
10 17 15.805649 
10 18 3.186649 
10 19 1.315659 
10 20 1.700499 
11 0 0.000000 
11 1 0.010000 
11 2 0.010000 
11 3 0.010000 
11 4 0.010000 
11 5 0.010000 
11 6 0.010000 
11 7 0.010000 
11 8 0.010000 
11 9 0.010000 
11 10 0.010000 
11 11 0.010000 
11 12 0.010000 
11 13 29453.417181 
11 14 2658.883890 
11 15 186.250226 
11 16 15.073842 
11 17 4.095799 
11 18 2.283799 
11 19 2.803035 
11 20 263.414516 
12 0 0.000000 
12 1 0.010000 
12 2 0.010000 
12 3 0.010000 
12 4 0.010000 
12 5 0.010000 
12 6 0.010000 
12 7 0.010000 
12 8 0.010000 
12 9 0.010000 
12 10 0.100000 
12 11 0.010000 
12 12 23121.590909 
12 13 2201.119032 
12 14 372.117757 
12 15 51.321833 
12 16 5.869225 
12 17 2.246607 
12 18 2.984115 
12 19 335.985429 
12 20 0.010000 
13 0 0.000000 
13 1 0.010000 
13 2 0.010000 
13 3 0.010000 
13 4 0.010000 
13 5 0.010000 
13 6 0.010000 
13 7 0.010000 
13 8 0.010000 
13 9 0.100000 
13 10 0.100000 
13 11 1720.449946 
13 12 677.115907 
13 13 134.962033 
13 14 42.003279 
13 15 15.083624 
13 16 5.118144 
13 17 4.320704 
13 18 539.544039 
13 19 0.010000 
13 20 0.010000 
14 0 0.000000 
14 1 0.010000 
14 2 0.010000 
14 3 0.010000 
14 4 0.010000 
14 5 0.010000 
14 6 0.010000 
14 7 0.100000 
14 8 0.100000 
14 9 0.100000 
14 10 556.966757 
14 11 189.249599 
14 12 61.855358 
14 13 21.021773 
14 14 8.408849 
14 15 5.968126 
14 16 11.293259 
14 17 869.594053 
14 18 0.010000 
14 19 0.010000 
14 20 0.010000 
15 0 0.000000 
15 1 0.010000 
15 2 0.010000 
15 3 0.010000 
15 4 0.010000 
15 5 0.010000 
15 6 0.010000 
15 7 0.010000 
15 8 0.100000 
15 9 896.848806 
15 10 100.387828 
15 11 30.710461 
15 12 14.016382 
15 13 7.555106 
15 14 4.669710 
15 15 5.833662 
15 16 808.985389 
15 17 0.010000 
15 18 0.010000 
15 19 0.010000 
15 20 0.010000 
16 0 0.000000 
16 1 0.010000 
16 2 0.010000 
16 3 0.010000 
16 4 0.010000 
16 5 0.010000 
16 6 0.010000 
16 7 0.100000 
16 8 3880.829842 
16 9 150.348990 
16 10 22.855327 
16 11 7.005625 
16 12 4.470249 
16 13 5.457751 
16 14 10.859658 
16 15 2794.939447 
16 16 0.010000 
16 17 0.010000 
16 18 0.010000 
16 19 0.010000 
16 20 0.010000 
17 0 0.000000 
17 1 0.010000 
17 2 0.010000 
17 3 0.010000 
17 4 0.010000 
17 5 0.010000 
17 6 0.010000 
17 7 5030.262625 
17 8 395.729818 
17 9 37.915542 
17 10 7.074366 
17 11 2.477516 
17 12 2.159709 
17 13 8.451356 
17 14 2765.068294 
17 15 0.010000 
17 16 0.010000 
17 17 0.010000 
17 18 0.010000 
17 19 0.010000 
17 20 0.010000 
18 0 0.000000 
18 1 0.010000 
18 2 0.010000 
18 3 0.010000 
18 4 0.010000 
18 5 0.010000 
18 6 30540.526575 
18 7 1462.605468 
18 8 182.258382 
18 9 14.155488 
18 10 3.593540 
18 11 1.865560 
18 12 2.298187 
18 13 776.133702 
18 14 0.010000 
18 15 0.010000 
18 16 0.010000 
18 17 0.010000 
18 18 0.010000 
18 19 0.010000 
18 20 0.010000 
19 0 0.000000 
19 1 0.010000 
19 2 0.010000 
19 3 0.010000 
19 4 0.010000 
19 5 12875.176349 
19 6 1590.098135 
19 7 372.043469 
19 8 41.570561 
19 9 6.601497 
19 10 3.112341 
19 11 4.998585 
19 12 791.289712 
19 13 0.010000 
19 14 0.010000 
19 15 0.010000 
19 16 0.010000 
19 17 0.010000 
19 18 0.010000 
19 19 0.010000 
19 20 0.010000 
20 0 0.000000 
20 1 0.010000 
20 2 0.010000 
20 3 0.010000 
20 4 0.010000 
20 5 751.693961 
20 6 250.851476 
20 7 54.804420 
20 8 10.103816 
20 9 4.264086 
20 10 4.961071 
20 11 688.423735 
20 12 0.010000 
20 13 0.010000 
20 14 0.010000 
20 15 0.010000 
20 16 0.010000 
20 17 0.010000 
20 18 0.010000 
20 19 0.010000 
20 20 0.010000 
21 0 0.000000 
21 1 0.010000 
21 2 0.010000 
21 3 0.010000 
21 4 2328.905693 
21 5 116.368684 
21 6 24.468137 
21 7 9.860431 
21 8 4.910594 
21 9 5.778768 
21 10 755.122828 
21 11 0.010000 
21 12 0.010000 
21 13 0.010000 
21 14 0.010000 
21 15 0.010000 
21 16 0.010000 
21 17 0.010000 
21 18 0.010000 
21 19 0.010000 
21 20 0.010000 
22 0 0.000000 
22 1 0.010000 
22 2 138832.997763 
22 3 4855.895931 
22 4 354.632595 
22 5 20.712022 
22 6 5.085883 
22 7 3.419071 
22 8 6.967466 
22 9 498.418207 
22 10 0.010000 
22 11 0.010000 
22 12 0.010000 
22 13 0.010000 
22 14 0.010000 
22 15 0.010000 
22 16 0.010000 
22 17 0.010000 
22 18 0.010000 
22 19 0.010000 
22 20 0.010000 
23 0 0.000000 
23 1 0.010000 
23 2 1672.145879 
23 3 386.418054 
23 4 103.146466 
23 5 8.762968 
23 6 2.882595 
23 7 3.167327 
23 8 406.607089 
23 9 0.010000 
23 10 0.010000 
23 11 0.010000 
23 12 0.010000 
23 13 0.010000 
23 14 0.010000 
23 15 0.010000 
23 16 0.010000 
23 17 0.010000 
23 18 0.010000 
23 19 0.010000 
23 20 0.010000 
24 0 0.000000 
24 1 0.000000 
24 2 0.000000 
24 3 0.000000 
24 4 0.000000 
24 5 0.000000 
24 6 0.000000 
24 7 0.000000 
24 8 0.000000 
24 9 0.000000 
24 10 0.000000 
24 11 0.000000 
24 12 0.000000 
24 13 0.000000 
24 14 0.000000 
24 15 0.000000 
24 16 0.000000 
24 17 0.000000 
24 18 0.000000 
24 19 0.000000 
24 20 0.000000 
25 0 0.000000 
25 1 0.000000 
25 2 0.000000 
25 3 0.000000 
25 4 0.000000 
25 5 0.000000 
25 6 0.000000 
25 7 0.000000 
25 8 0.000000 
25 9 0.000000 
25 10 0.000000 
25 11 0.000000 
25 12 0.000000 
25 13 0.000000 
25 14 0.000000 
25 15 0.000000 
25 16 0.000000 
25 17 0.000000 
25 18 0.000000 
25 19 0.000000 
25 20 0.000000 
26 0 0.000000 
26 1 0.000000 
26 2 0.000000 
26 3 0.000000 
26 4 0.000000 
26 5 0.000000 
26 6 0.000000 
26 7 0.000000 
26 8 0.000000 
26 9 0.000000 
26 10 0.000000 
26 11 0.000000 
26 12 0.000000 
26 13 0.000000 
26 14 0.000000 
26 15 0.000000 
26 16 0.000000 
26 17 0.000000 
26 18 0.000000 
26 19 0.000000 
26 20 0.000000 
27 0 0.000000 
27 1 0.000000 
27 2 0.000000 
27 3 0.000000 
27 4 0.000000 
27 5 0.000000 
27 6 0.000000 
27 7 0.000000 
27 8 0.000000 
27 9 0.000000 
27 10 0.000000 
27 11 0.000000 
27 12 0.000000 
27 13 0.000000 
27 14 0.000000 
27 15 0.000000 
27 16 0.000000 
27 17 0.000000 
27 18 0.000000 
27 19 0.000000 
27 20 0.000000 
