t = 85000000
b = 25 25 25
E = -1.35683243744346 -1.35683243744346 0
-461.638593096786 -242.299371692243 -210.335805508596 -0.485649098638611 -0.872508052343759 -0.0536157774056058 0.188994493403655 -0.164684834036766 0.968070238619815 0 0 0 0 0 0
-461.778445695052 -242.411980930094 -209.814659579562 0.242108427333814 -0.807367962015791 -0.538089661045824 0.378050591485257 -0.432258660691811 0.818675882467881 0 0 0 0 0 0
-462.44517197467 -241.759225543015 -209.974448890751 -0.86611762119995 0.451454021456888 -0.214544943443936 -0.493253609910944 -0.702514452782246 0.513005185102349 0 0 0 0 0 0
-462.974608289205 -242.089797183457 -209.674459579821 -0.639629946793527 0.460687034893943 -0.615338107909426 -0.695612877041752 -0.687549055509815 0.208324318218602 0 0 0 0 0 0
-463.401206023592 -242.242562411757 -209.475383319747 -0.269818195604225 0.0690267174849124 -0.960433992314976 -0.788520510287843 -0.5883098386648 0.179239891167076 0 0 0 0 0 0
-463.872484388112 -242.450548109811 -209.576249866322 0.309223799813464 -0.0727772075533373 -0.948200463873369 -0.780590354237805 -0.588937000670889 -0.209360712913544 0 0 0 0 0 0
-464.284770510294 -242.689016077094 -209.654288396122 0.446661365898038 0.252796636317122 -0.858246750579841 -0.777085314458234 -0.36581175418195 -0.512172016568335 0 0 0 0 0 0
-464.669027741675 -242.591839310872 -209.903416720708 0.612729846839413 -0.46047383357121 -0.642281856655159 -0.789373258023745 -0.3174133796293 -0.525488920862554 0 0 0 0 0 0
-464.779106251991 -242.483406245914 -210.360245913868 0.2360030049372 -0.966227559618122 -0.103474077406008 -0.877571487273169 -0.166187481004661 -0.449722142975522 0 0 0 0 0 0
-464.990366001961 -242.76257584586 -210.781300794406 -0.314275389480969 -0.55116253075705 0.772949444825516 -0.924793366154018 -0.00617841010246015 -0.380419580418956 0 0 0 0 0 0
-465.374313452843 -242.972796646888 -210.967541362055 -0.233795304351422 0.196787107741219 0.952163110968942 -0.969429821275126 -0.122186458831887 -0.212782261715143 0 0 0 0 0 0
-465.254334303434 -242.855977086582 -212.257814286831 -0.813812058535859 0.572836473199431 0.0978177302643255 0.579316803290249 0.812979634807109 0.058789070536081 0 0 0 0 0 0
-465.081665052772 -243.66757154252 -212.173145637298 -0.753679273269297 -0.609188811907063 -0.246691192569807 0.0767266080914494 -0.454328146568677 0.887524063249126 0 0 0 0 0 0
-465.290554968827 -243.857860628969 -211.701790932682 -0.427893999485876 -0.805298808519401 -0.410366365825975 -0.221574689904591 -0.346712941476729 0.911424595348539 0 0 0 0 0 0
-465.695366595032 -243.925964817164 -211.320506920551 0.140662536451769 -0.935286448759652 -0.324735753506625 -0.153685897498506 -0.344648012632762 0.926066084196139 0 0 0 0 0 0
-466.09114350432 -244.229562561316 -211.069131561845 0.729671387122972 -0.672474063459608 -0.123928611660779 -0.143978850138592 -0.328266224961479 0.933547736466815 0 0 0 0 0 0
-466.23519516384 -244.664790780932 -210.801054115842 0.993970427853309 -0.0839840167692881 0.070494492553614 -0.0973517491801376 -0.380118992573782 0.919800080678539 0 0 0 0 0 0
-466.168832981036 -245.043006057029 -210.471600398814 0.841812923430779 0.493908654975451 0.217727450004043 0.047796258294141 -0.46999538399065 0.881373846174578 0 0 0 0 0 0
-465.893873764426 -245.410332361867 -210.182880331223 0.417225320523219 0.851461722267286 0.317704213739638 0.28287101448498 -0.453890299985709 0.844966025792227 0 0 0 0 0 0
-465.467312917945 -245.595628072267 -209.881781334445 -0.187503635611571 0.873900942885258 0.448485817676223 0.16566942706585 -0.421907167711094 0.891374210289758 0 0 0 0 0 0
-465.126445112481 -245.610257155115 -209.501998033478 -0.685773713555481 0.602810091236412 0.407841154985457 0.251400424458688 -0.329678957169707 0.910005281183284 0 0 0 0 0 0
-466.272914945691 -243.951484190918 -220.461657085804 -0.963803091367763 0.264869513981934 0.0304588514708093 0.0414539098032175 0.0360196954105871 0.99849093881946 0 0 0 0 0 0
-466.323963405988 -243.580947243982 -220.084034981124 -0.936614248399284 -0.348917403875442 0.0317867105608013 -0.0541645943924888 0.233834158893594 0.970766595453723 0 0 0 0 0 0
-466.545690963339 -243.217596434048 -219.803200017245 -0.530585749461082 -0.819935865803659 0.214904486778686 -0.112598268575415 0.319467841868084 0.940883588934345 0 0 0 0 0 0
-466.912060733077 -243.038147340917 -219.392226877326 0.20091212869302 -0.955588503718747 0.215603636575552 -0.0756908409296354 0.204290401855989 0.975979676176132 0 0 0 0 0 0
-467.120612316598 -243.005359968926 -218.854907831174 0.576003544110408 -0.815872025052069 -0.0507223413267592 0.0840741437384531 -0.00259303297897596 0.996456127752042 0 0 0 0 0 0
-467.215310794527 -243.228543954315 -218.331391424959 0.868937843336855 -0.436212674289175 -0.233806602144956 0.220624946991426 -0.0814716919502814 0.971950099632566 0 0 0 0 0 0
-467.217018401919 -243.666326973094 -217.949829230042 0.951127488738606 0.212802119272448 -0.223767196431793 0.245155387864567 -0.0797480384206912 0.966198264420423 0 0 0 0 0 0
-466.94341470938 -244.007577910604 -217.60568321565 0.614111519956595 0.757677592664901 -0.220888448385432 0.388934919544488 -0.047008996000672 0.920065096965401 0 0 0 0 0 0
-466.479505296111 -244.211540749362 -217.340202827133 0.0893110523251353 0.992726043904532 -0.0807374614800353 0.30316599631542 0.050119783080728 0.951618823911147 0 0 0 0 0 0
-466.048617081342 -244.125888324007 -217.065661437099 -0.536841358599523 0.802357542412632 0.260813592112395 0.399188693144371 -0.0307793711797158 0.91635201618998 0 0 0 0 0 0
-465.7204750207 -243.764661422912 -216.779495685001 -0.910300989134698 0.258568723063515 0.323255819179919 0.35352978219994 0.079393126313213 0.932047973331777 0 0 0 0 0 0
-465.621059173909 -243.369519048777 -216.440997474189 -0.849733695393243 -0.35676505394504 0.388164067369638 0.340385767620516 0.190992083047438 0.920684285417426 0 0 0 0 0 0
-465.649460124146 -243.142250591636 -215.959852806713 -0.687421370698573 -0.674283097113148 0.269803936321147 0.100295920914762 0.279800254300111 0.954804977962221 0 0 0 0 0 0
-465.850285385753 -242.982856697999 -215.436777555946 0.0371438088636008 -0.998901668567661 -0.0285621076927511 0.0383079902778878 -0.0271375169655217 0.998897418684139 0 0 0 0 0 0
-466.108685392827 -243.039516625947 -214.957951315024 0.492270785279908 -0.857011764188131 -0.152316479748783 0.0691182100752063 -0.135948875292226 0.988301864990037 0 0 0 0 0 0
-466.299115781706 -243.410781785566 -214.550085589052 0.932986597077741 -0.29518148282146 -0.205922077186024 0.118136338613502 -0.289283285298552 0.949925779387985 0 0 0 0 0 0
-466.208076295002 -243.879171138643 -214.171870593272 0.958567109982478 0.262147917906497 -0.111478988141898 0.222215386867981 -0.443254583324898 0.86841562411128 0 0 0 0 0 0
-465.931226410005 -244.385338613489 -213.962548521209 0.639132869194404 0.755683960045479 0.143006741258241 0.205979862911009 -0.347336456788281 0.914838609734476 0 0 0 0 0 0
-465.469736428463 -244.572632219871 -213.75030352775 -0.0330025673186036 0.941718340154635 0.334779626570626 0.0636271202720694 -0.332302999818221 0.941024072953342 0 0 0 0 0 0
-465.135073789753 -244.560225615018 -213.314783322062 -0.658976931279127 0.692584429416367 0.293387477871786 0.0757968485299281 -0.326926459640991 0.942005269486082 0 0 0 0 0 0
-464.949602146326 -244.452586288706 -212.882207473375 -0.924706808265408 0.344154374140398 0.162711663711011 0.0754813507500398 -0.253178451729729 0.964470443958065 0 0 0 0 0 0
-464.841770686769 -244.29817673068 -212.386155840019 -0.97993644289619 -0.191694581296224 -0.0545688133059563 -0.0288471118785508 -0.134493990952129 0.990494427310939 0 0 0 0 0 0
-463.405476667199 -244.277155684156 -211.995417588843 0.756344522869377 -0.574734781256809 0.312446625744571 -0.26409145442327 -0.705230118104859 -0.657956065568525 0 0 0 0 0 0
-463.356124907846 -244.439091761745 -212.388902341178 -0.107255525722161 -0.719552637460682 0.686105133434697 -0.510694219482695 -0.552218563198051 -0.658973499198912 0 0 0 0 0 0
-463.481119093679 -244.911100323679 -212.70297588672 -0.390801945175553 -0.299423688624286 0.870413289384784 -0.649099546342022 -0.580821676797586 -0.491239207210325 0 0 0 0 0 0
-463.639783203066 -245.378402652639 -212.889463211723 -0.53890054464355 0.230612940590466 0.810187555208728 -0.758613883805521 -0.550964511262662 -0.347768720023226 0 0 0 0 0 0
-463.94096093249 -245.751281878947 -212.912598004523 -0.617882406114855 0.697168510953909 0.363562098613224 -0.783186714703123 -0.504801569457485 -0.363034358409547 0 0 0 0 0 0
-465.965523696348 -244.847517799456 -209.077765880983 0.709763662890553 -0.650881134855103 -0.269423998800955 0.0484738788128864 0.426685875333168 -0.903099909679974 0 0 0 0 0 0
-465.622558295899 -244.511902366226 -209.38656423215 0.152755982851439 -0.920308866595006 -0.36013497437724 0.149838416738729 0.381766801981335 -0.912032103477813 0 0 0 0 0 0
-465.338517438519 -244.421154973512 -209.799052029698 -0.513308926865342 -0.799831979142843 -0.311099261877624 0.161770299031235 0.265825099621991 -0.950351191277372 0 0 0 0 0 0
-465.146103615949 -244.477415135147 -210.260589474298 -0.924745662988669 -0.345338988543322 -0.159957624937103 0.170194909471973 0.000685898640966369 -0.985410179738818 0 0 0 0 0 0
-465.018222480488 -244.857144940325 -210.675973271754 -0.976790695619453 0.198545721043751 -0.0803712237463446 0.0955024476470393 0.0678333092748687 -0.993115262518025 0 0 0 0 0 0
-465.178793844617 -245.012192178812 -211.192259711029 -0.663775268714427 0.737048629449487 0.127128716149131 -0.039113771296513 0.135533426843008 -0.99000040560757 0 0 0 0 0 0
-465.48277836568 -245.021907688176 -211.675185790935 -0.117175472930581 0.95248292159511 0.281151547413734 -0.0846509949443215 0.272492230700194 -0.95842693684128 0 0 0 0 0 0
-465.769205430466 -244.856622093039 -212.132558169309 0.398341564710984 0.84926548745968 0.346514256032094 -0.149405780337543 0.432811402727699 -0.889017549022853 0 0 0 0 0 0
-466.075790563166 -244.507281107329 -212.45851930756 0.893976957004634 0.432524320932047 0.117166173220015 -0.0317354859332154 0.321918473547147 -0.946235359369783 0 0 0 0 0 0
-466.064365103017 -244.078874582125 -212.687784333763 0.939890175665764 -0.284473917013119 -0.18889427790747 -0.0463611676428714 0.441742280937604 -0.89594330142417 0 0 0 0 0 0
-465.878014611313 -243.668091795851 -212.989466317708 0.551812972880177 -0.789006594972538 -0.270131516211986 0.171933585536595 0.424583092949148 -0.888913966222974 0 0 0 0 0 0
-465.443226128506 -243.437094667235 -213.373596151292 0.0529711675377964 -0.95685136022697 -0.285708820027441 -0.0201507415246395 0.285028024802658 -0.958307347719455 0 0 0 0 0 0
-465.143795527911 -243.411931380332 -213.867413397729 -0.580975963246671 -0.813892138366847 -0.00682035440819007 -0.135997144567544 0.105333073764744 -0.985093762157059 0 0 0 0 0 0
-465.090831198165 -243.524099000281 -214.373748888145 -0.910301172579018 -0.356572372430619 0.210256791615579 -0.223539881902343 -0.00405473956132387 -0.974686349697257 0 0 0 0 0 0
-465.176450227465 -243.813361781324 -214.807787756336 -0.915627680448772 0.338510900950519 0.216878585235325 -0.280094696348807 -0.150150226640041 -0.94815709168746 0 0 0 0 0 0
-465.495326288898 -244.055357626908 -215.108777479215 -0.490469630789976 0.869431777199144 0.059396347270527 -0.362446552249447 -0.14153311500316 -0.921195350683012 0 0 0 0 0 0
-465.90650552158 -244.140596983126 -215.448622724432 0.0692481691549306 0.997551507881015 0.0097816252750892 -0.439157661758015 0.0392865607051289 -0.897550619334194 0 0 0 0 0 0
-466.370806799095 -244.029918471451 -215.725290734217 0.546050169277387 0.825864601551969 -0.140630268916582 -0.415212962201085 0.120999281749179 -0.901641486310608 0 0 0 0 0 0
-466.706801338029 -243.729142486322 -216.025390019249 0.880437048918739 0.37733606977812 -0.287137760205235 -0.367747967654403 0.16113287525457 -0.915858956825918 0 0 0 0 0 0
-466.762751992087 -243.407080958169 -216.384498635277 0.891995824596856 -0.26288367507671 -0.367743962941538 -0.268715825938623 0.345814704755339 -0.899001665663139 0 0 0 0 0 0
-466.676730508756 -243.125868074584 -216.86577378431 0.684608580668573 -0.715171312479304 -0.140858386621416 -0.0867797616340765 0.111901539715989 -0.989922885067283 0 0 0 0 0 0
-466.439599309471 -243.052053360489 -217.334421175237 0.0702713351508545 -0.997511302340239 -0.00575683589916742 -0.089300703330108 -0.000542795682548671 -0.996004563120875 0 0 0 0 0 0
-466.108257347326 -243.1111176509 -217.769508766287 -0.640840999605235 -0.763840764852364 0.0766165724547838 -0.0936497679808452 -0.0212712339384568 -0.995377946090764 0 0 0 0 0 0
-466.050215723809 -243.42815161823 -218.154100983765 -0.988364943968815 -0.129399748234562 0.0799402444976968 -0.0580075160131938 -0.165171659488598 -0.984557489935339 0 0 0 0 0 0
-466.142959918998 -243.756884121237 -218.501476131315 -0.901944815820078 0.423129218276957 0.0863551611405168 -0.172352039891416 -0.169346944236536 -0.970369201295579 0 0 0 0 0 0
-466.386357848689 -244.03433095302 -218.871000251893 -0.502831748999873 0.862312321159402 -0.0598138192595527 -0.171616060805916 -0.167414223113895 -0.970834901295083 0 0 0 0 0 0
-466.827463797478 -244.186074377884 -219.179922244889 0.0313112844489015 0.985531705350987 -0.166573891153951 -0.151913527048289 -0.160027067803714 -0.975353073440545 0 0 0 0 0 0
-467.183508102821 -244.205576488056 -219.598047901094 0.447411643052766 0.888169109676728 -0.104778119265727 -0.339940426361373 0.0605282726837003 -0.938497114929583 0 0 0 0 0 0
-467.460089113129 -243.916232533469 -219.992739748615 0.939083038595151 0.331219085569521 -0.0917440133054215 -0.141176047491126 0.128367144661658 -0.981626812890815 0 0 0 0 0 0
-467.493619686609 -243.624804375957 -220.413275894828 0.958539000450138 -0.284925318048792 0.00453296270016899 0.046649366216779 0.141204289872213 -0.988880773983025 0 0 0 0 0 0
