t = 185000000
b = 25 25 25
E = -1.32330173247886 -1.32330173247886 0
-215.929480077039 -52.0496221073265 -241.204174874824 -0.642894968670723 -0.728737578233386 -0.235855043042129 0.681264389203133 -0.403286237583467 -0.610932928053028 0 0 0 0 0 0
-215.716739448343 -52.3187080702048 -241.091770720007 -0.339842213410658 -0.0968332583414712 -0.935484147414119 0.901154821625475 -0.318160921176058 -0.29443779597321 0 0 0 0 0 0
-215.384033856067 -52.6514742059206 -241.231865681967 -0.219700706367297 0.44747466055289 -0.86688985908522 0.869132437597274 -0.313824598922369 -0.382260287013244 0 0 0 0 0 0
-215.079878622617 -52.9493665944622 -241.55721097051 -0.136592229307998 0.855849342900734 -0.498863172772902 0.844971963333744 -0.16219583134409 -0.509622304726267 0 0 0 0 0 0
-214.718749995912 -53.1006023120802 -241.949262580077 -0.0230374661732196 0.998813852664979 0.0428971196801228 0.781215316842078 0.0447604159723618 -0.622654907547755 0 0 0 0 0 0
-214.687718454817 -52.9921826736722 -242.427625327361 0.375503103747582 0.853119288416046 0.362194559330254 0.580482358184755 0.0881685201252228 -0.809485357431001 0 0 0 0 0 0
-214.582798744994 -52.7305748851338 -242.879259154494 0.630883105509807 0.31156170886044 0.710574280954695 0.738490683937817 0.039736576392352 -0.673091757662849 0 0 0 0 0 0
-214.212141981514 -52.199946394989 -243.198619620044 0.591231051512991 -0.304734012302875 0.746714822052314 0.720564251398596 -0.216286810186452 -0.658792209536319 0 0 0 0 0 0
-213.735637259306 -52.0403444318114 -243.345415098161 0.245474129461288 -0.820102982664309 0.516888333772699 0.802044544299171 -0.127669619081768 -0.583459525008763 0 0 0 0 0 0
-213.227071209655 -52.0699395731777 -243.321527883773 -0.109689048869996 -0.993964706225335 0.00157332017990138 0.849830364856778 -0.0946038069685625 -0.51849635550739 0 0 0 0 0 0
-212.724620067945 -52.2563961030072 -243.432157937257 -0.665216790614362 -0.58450481168394 -0.464586640577485 0.704343041234192 -0.284771043809029 -0.650235597974228 0 0 0 0 0 0
-212.408401803348 -52.6387067047003 -243.555317756507 -0.77813782162892 -0.181145934015195 -0.60140475649961 0.614732127360725 -0.416094558944255 -0.670052034999911 0 0 0 0 0 0
-212.292068793551 -53.084772393787 -243.850966521731 -0.532504273364064 0.463169774700418 -0.708458155894186 0.643947501965426 -0.321533119267379 -0.69422479639285 0 0 0 0 0 0
-212.253904893756 -53.3908780125599 -244.17257133987 -0.0624933977483888 0.900687221424358 -0.429950118502998 0.60245474815831 -0.30941049380228 -0.735740051068672 0 0 0 0 0 0
-212.15274367851 -53.4150935295384 -244.704550985809 0.24766601251292 0.965948193236071 -0.0748707835535708 0.444908444093756 -0.182040160383458 -0.876879613391502 0 0 0 0 0 0
-212.001042773526 -53.4080702270622 -245.266248979886 0.574432744414071 0.737445862119153 0.355247269642197 0.54348920188924 -0.0190858569080763 -0.83919915246375 0 0 0 0 0 0
-211.844177411789 -53.2059711441687 -245.69394657152 0.757750871182583 0.286485558654712 0.586293136497733 0.576316526175524 0.127594642986752 -0.807204353765559 0 0 0 0 0 0
-211.485974315066 -52.8488653002377 -245.96851733036 0.714462406169528 -0.282668480874143 0.640032811729797 0.686922348528998 0.109535932943123 -0.718428539581832 0 0 0 0 0 0
-211.13824558014 -52.5844816990744 -246.111689327126 0.525973151176854 -0.754421566738432 0.392683516181924 0.822720727753754 0.334274210484668 -0.459773157469171 0 0 0 0 0 0
-210.661338121463 -52.4007056445408 -245.991530329594 0.336817723698508 -0.917424272862622 -0.21186440136332 0.826753117068921 0.395841774964684 -0.399735628396607 0 0 0 0 0 0
-210.087820589305 -52.3655060001628 -245.956021006768 -0.155438651006394 -0.726399338657927 -0.66946458201361 0.800416102036543 0.304563825488703 -0.516308957702957 0 0 0 0 0 0
-219.839160582759 -51.5072793286556 -241.912296128859 -0.0404201749645175 -0.617059178523166 -0.785877967407254 0.865402270911977 -0.414764863454653 0.281156571226463 0 0 0 0 0 0
-219.556824105195 -51.9211119421313 -241.656720247581 0.111690859793149 -0.132172866076141 -0.984913948176128 0.853621065182319 -0.494673076284808 0.16318585930137 0 0 0 0 0 0
-219.221682795677 -52.3253168031708 -241.691589129284 0.168346582757495 0.331011877392276 -0.928488322543214 0.854107764364037 -0.519216014853082 -0.0302432930275426 0 0 0 0 0 0
-218.840276365955 -52.6823316430517 -242.027288844148 0.193427509307343 0.960497903298819 -0.20007392734124 0.981059643120786 -0.191510113323338 0.0290835543668032 0 0 0 0 0 0
-218.440816857841 -52.7702288014495 -242.282611255812 0.10396493413919 0.871623343468987 0.479024049072042 0.994336831822035 -0.101760446141581 -0.0306443548338764 0 0 0 0 0 0
-217.904424759364 -52.6234133893954 -242.448860865798 -0.136308711987586 0.55944091217793 0.817585347726953 0.990638725386195 0.083142753883596 0.108269101048463 0 0 0 0 0 0
-217.468655037624 -52.3015509329333 -242.497215624921 -0.252847639552388 0.0486496560408341 0.966282195913744 0.941285096025525 0.243310215563296 0.2340566320418 0 0 0 0 0 0
-217.065258268622 -51.8845752481984 -242.307942223541 -0.203084761151437 -0.47150723555288 0.858159371334573 0.949668308760622 0.118635544871662 0.289923629303921 0 0 0 0 0 0
-216.747742969097 -51.5863434728999 -241.861500131167 -0.115806466061044 -0.93088599938088 0.346468062850135 0.979774542891931 -0.0497496216253596 0.193821619663666 0 0 0 0 0 0
-216.449506478397 -51.6126717484761 -241.46720165691 0.0163697970555543 -0.888021968654014 -0.459509535191807 0.97745884759744 -0.0825354229208196 0.194324741648516 0 0 0 0 0 0
-216.534536779439 -50.3560044502514 -242.37096021701 -0.534931466045914 0.843323885111335 -0.051508751049629 0.768662199282122 0.460453483875981 -0.444005644762818 0 0 0 0 0 0
-216.394084249099 -50.152035469052 -242.817185065685 0.0909832439501226 0.68415106949543 0.723643118828991 0.776270914841198 0.406452657123756 -0.481871045289747 0 0 0 0 0 0
-216.590753726663 -49.77363668273 -243.040285370404 -0.408848400861065 0.537998980860547 0.737156755179192 -0.115801180536053 0.77063914663756 -0.626662103733899 0 0 0 0 0 0
-216.921343706413 -49.5923109625188 -243.393385688234 0.337952859932744 0.65794684289408 0.672973860108216 0.0776372346859657 0.693119040351393 -0.7166299293866 0 0 0 0 0 0
-217.129472243969 -49.1431397364459 -243.534123924694 0.943397536710671 0.173725454302696 0.282525316132156 0.0438434477744343 0.779043011225367 -0.625435639173354 0 0 0 0 0 0
-217.142819007558 -48.6407686678005 -243.560100803422 0.915852111580154 -0.159890582695664 -0.36830681677025 -0.0121838792803873 0.905801661466227 -0.423526744339377 0 0 0 0 0 0
-216.925187359783 -48.1891047425129 -243.566062964358 0.145458844514772 -0.24240631106695 -0.959208478333752 -0.0281533199272269 0.968113241252713 -0.248925978331399 0 0 0 0 0 0
-216.58459555956 -47.9132853492883 -243.615590289848 -0.6677168748519 0.0991756303944998 -0.737779350059273 0.126714370769018 0.991764162888202 0.0186363475845369 0 0 0 0 0 0
-216.117385662917 -48.0043135294722 -242.023770029043 0.518378971358496 0.645051034684442 0.561419989585208 -0.679297955162336 0.709408921740263 -0.187865030986658 0 0 0 0 0 0
-216.404632610857 -47.7075265509565 -241.779147895586 0.752125634965995 0.632317189839196 -0.185693297296537 -0.641567399885388 0.766955939372513 0.0130329760818949 0 0 0 0 0 0
-216.657350037484 -47.3684705576583 -241.551110871489 0.387012580761819 0.410908691571861 -0.825454607790625 -0.720546097226577 0.693368294341774 0.00733008684278685 0 0 0 0 0 0
-216.767693621672 -47.0151336757234 -241.540059096694 -0.342211465772875 -0.393632206606354 -0.853196928390975 -0.911176937173169 0.360755223586572 0.199028283966703 0 0 0 0 0 0
-217.212189304042 -46.6687354920154 -241.70284408191 -0.247742140308169 -0.883475547517021 -0.397611354031821 -0.966803300880716 0.198939155778619 0.160357692999881 0 0 0 0 0 0
-217.702619922049 -46.7262492195139 -241.835530970621 -0.00685061938642856 -0.8359680069091 0.548735419340178 -0.923384215156762 0.21591165039228 0.317401560210666 0 0 0 0 0 0
-218.187196220216 -46.9400224434958 -241.910627198201 0.298647981308308 -0.37061014007975 0.879464329765866 -0.936067007762452 0.0658266923759469 0.345608743450582 0 0 0 0 0 0
-218.687933015571 -47.111677614814 -241.714980924169 0.569629990155146 0.0192040462392432 0.821676870140506 -0.821858244391398 0.023536511218992 0.569205638381722 0 0 0 0 0 0
-218.963007346066 -47.3137709727462 -241.40439775512 0.570034846540769 0.623948348067182 0.534554705033515 -0.718410334604209 0.0628116273446444 0.692777951875083 0 0 0 0 0 0
-210.310061689277 -53.2544043952419 -246.698524934483 0.218811934329278 0.793786711462923 0.567471579993172 -0.624964005052955 -0.332616062166897 0.706248219521113 0 0 0 0 0 0
-210.280870743373 -53.5246397192875 -246.201199239394 -0.295543581386 0.944014952386941 0.146593864712723 -0.628197123085948 -0.307646270177243 0.714648268025995 0 0 0 0 0 0
-210.646685377928 -53.5496992450291 -245.764233128278 -0.250684604718537 0.924796497010564 -0.286196904375488 -0.67906816448052 0.0427144270248674 0.732831430625753 0 0 0 0 0 0
-210.775851928443 -53.3860430304741 -245.245693722315 -0.529511759862707 0.586923991492424 -0.612484713586953 -0.616815603597629 0.229284849900203 0.752972090296011 0 0 0 0 0 0
-210.927403409987 -52.9986118467604 -244.990366576028 -0.782879576775867 -0.243409577138556 -0.572583047273028 -0.622145250924326 0.297535376582442 0.724160193903431 0 0 0 0 0 0
-211.358326342107 -52.580092439772 -244.750969360425 -0.566021523761162 -0.689668325200804 -0.451638390588993 -0.741375605840213 0.186250490710186 0.644727047497824 0 0 0 0 0 0
-211.807825571837 -52.3154386996166 -244.650362292977 -0.280723184179114 -0.94386734508692 -0.174094597110075 -0.825954134641716 0.145180646291226 0.544722266307074 0 0 0 0 0 0
-212.371308953323 -52.2928362594632 -244.735140297074 0.114469894367188 -0.90466246708742 0.410466154423061 -0.815766890905971 0.150199764661295 0.558537743037385 0 0 0 0 0 0
-212.93645915158 -52.4242391800889 -244.613447358725 0.518708446610823 -0.569931169313374 0.637275458227977 -0.771142309599795 0.00996929596771457 0.636584755930426 0 0 0 0 0 0
-213.332093415555 -52.7448884451224 -244.309864388656 0.798472925103413 0.0746672536310226 0.597382447944371 -0.597950950015305 -0.0169641359123062 0.801353155274578 0 0 0 0 0 0
-213.457396701859 -53.0708754897914 -243.90828662378 0.518605479997709 0.723277500731803 0.455980277042213 -0.574512502963991 -0.100191044266361 0.812340531173272 0 0 0 0 0 0
-213.440382867246 -53.210599565463 -243.286048685288 0.179410621990705 0.983724442511841 0.00990201604074954 -0.534615037257104 0.0890432740886911 0.840391609476284 0 0 0 0 0 0
-213.393517371405 -53.0436861391419 -242.750693202675 -0.332966235917911 0.815336476938451 -0.473666459771266 -0.608189817814263 0.198175548621585 0.768655707996496 0 0 0 0 0 0
-213.593663760087 -52.7746270513633 -242.358543302267 -0.553216803118696 0.469885129255948 -0.687865636626272 -0.630373710727907 0.303683230053966 0.714426679657983 0 0 0 0 0 0
-213.762449819873 -52.3177973118836 -242.080025721073 -0.723851537898341 -0.254585045370383 -0.64126859096323 -0.687081882247746 0.350722781635583 0.636326973755375 0 0 0 0 0 0
-214.247248742595 -51.9892788761078 -241.984322135654 -0.382229230407604 -0.856894630734106 -0.34587918012085 -0.8434700706398 0.170645266330138 0.509350991963304 0 0 0 0 0 0
-214.796822469471 -51.8846575263164 -241.948390135328 0.108163274427294 -0.993888781520523 0.0220407811301869 -0.899443528512524 -0.0883933925835393 0.428004611148654 0 0 0 0 0 0
-215.239969616926 -51.9246472647086 -242.17838995928 0.154302177093568 -0.869047434516319 0.470050417194561 -0.974088640865314 -0.0541864182200284 0.219579488608709 0 0 0 0 0 0
-215.681382477508 -52.1398585015146 -242.304062655599 0.297001318704816 -0.420518179859239 0.857294976711902 -0.954876846699085 -0.130183868880422 0.266950122534787 0 0 0 0 0 0
-216.044488227905 -52.5409660372915 -242.190644803789 0.179450615138241 0.478542714797526 0.859531469371952 -0.970583672305988 -0.0564357242098265 0.234056284012935 0 0 0 0 0 0
-216.412020833953 -52.7398034804431 -241.858684988262 -0.0226454671012404 0.934758235966259 0.354562015891447 -0.972716930897927 -0.102506949296722 0.208120392298333 0 0 0 0 0 0
-216.836637849721 -52.7662339230818 -241.538764406359 0.0200395113947423 0.95285390651699 -0.30276699096559 -0.99966566473109 0.0240450366371932 0.0095076269827613 0 0 0 0 0 0
-217.271804207007 -52.5405305428878 -241.287789257012 0.132381986342441 0.563691789399805 -0.815307657424664 -0.99072050354806 0.100798260942698 -0.0911734305617716 0 0 0 0 0 0
-217.76217456564 -52.2777355911141 -241.327903578658 0.325857195725262 -0.0643275354148061 -0.943227997984332 -0.935700715885272 0.120738783664477 -0.331491050272884 0 0 0 0 0 0
-218.041817172082 -51.8866129578891 -241.492245290341 0.10600593035261 -0.645319798235596 -0.756521712005183 -0.941043100583671 0.180687308360113 -0.285989474354274 0 0 0 0 0 0
-218.281718467502 -51.5910404510423 -241.805838355683 -0.000864101109549673 -0.952323554225104 -0.305088677923929 -0.911119995771085 0.126489190340438 -0.3922509885687 0 0 0 0 0 0
-218.595791166574 -51.5792367710296 -242.344194522556 -0.283845749647796 -0.853048427775017 0.437881228505452 -0.943235411842932 0.166273907109138 -0.287506427163207 0 0 0 0 0 0
-219.006338406366 -51.7401387446049 -242.678797023372 -0.162938138880092 -0.535644013364037 0.828575074356914 -0.983326723170352 0.0194345048014634 -0.180806126893347 0 0 0 0 0 0
-219.388418031685 -52.0324699098127 -242.845549125982 -0.104775222962237 0.120986848898049 0.987109079609208 -0.989965900480007 0.0819419432152958 -0.115121821688642 0 0 0 0 0 0
-219.776590460407 -52.2949301843915 -242.797424160284 -0.0445822262184362 0.732022384481158 0.679820309878958 -0.990905712504432 0.054077610060182 -0.123213152773004 0 0 0 0 0 0
