#t = 185000000; extr. Ts: 0.103383 
0 0 0 0 0 
1 0 0 0 0 
2 0 0 0 0 
3 0 0 0 0 
4 0 0 0 0 
5 0 0 0 0 
6 0 0 0 0 
7 0 0 0 0 
8 0 0 0 0 
9 0 0 0 0 
10 0 0 0 0 
11 0 0 0 0 
12 0 0 0 0 
13 0 0 0 0 
14 0 0 0 0 
15 0 0 0 0 
16 0 0 0 0 
17 0 0 0 0 
18 0 0 0 0 
19 0 0 0 0 
20 0 0 0 0 
21 0 0 0 0 
22 0 0 0 0 
23 0 0 0 0 
24 0 0 0 0 
25 0 0 0 0 
26 0 0 0 0 
27 0 0 0 0 
0 1 0 0 0 
1 1 0 0 0 
2 1 0 0 0 
3 1 0 0 0 
4 1 0 0 0 
5 1 0 0 0 
6 1 0 0 0 
7 1 0 0 0 
8 1 0 0 0 
9 1 0 0 0 
10 1 0 0 0 
11 1 0 0 0 
12 1 0 0 0 
13 1 0 0 0 
14 1 0 0 0 
15 1 0 0 0 
16 1 0 0 0 
17 1 0 0 0 
18 1 0 0 0 
19 1 0 0 0 
20 1 0 0 0 
21 1 0 0 0 
22 1 0 0 0 
23 1 0 0 0 
24 1 0 0 0 
25 1 0 0 0 
26 1 0 0 0 
27 1 0 0 0 
0 2 0 0 0 
1 2 0 0 0 
2 2 0 0 0 
3 2 0 0 0 
4 2 0 0 0 
5 2 0 0 0 
6 2 0 0 0 
7 2 0 0 0 
8 2 0 0 0 
9 2 0 0 0 
10 2 0 0 0 
11 2 0 0 0 
12 2 0 0 0 
13 2 0 0 0 
14 2 0 0 0 
15 2 0 0 0 
16 2 0 0 0 
17 2 0 0 0 
18 2 0 0 0 
19 2 0 0 0 
20 2 0 0 0 
21 2 0 0 0 
22 2 0 0 0 
23 2 0 0 0 
24 2 0 0 0 
25 2 0 0 0 
26 2 0 0 0 
27 2 0 0 0 
0 3 0 0 0 
1 3 0 0 0 
2 3 0 0 0 
3 3 0 0 0 
4 3 0 0 0 
5 3 0 0 0 
6 3 0 0 0 
7 3 0 0 0 
8 3 0 0 0 
9 3 0 0 0 
10 3 0 0 0 
11 3 0 0 0 
12 3 0 0 0 
13 3 0 0 0 
14 3 0 0 0 
15 3 0 0 0 
16 3 0 0 0 
17 3 0 0 0 
18 3 0 0 0 
19 3 0 0 0 
20 3 0 0 0 
21 3 0 0 0 
22 3 0 0 0 
23 3 0 0 0 
24 3 0 0 0 
25 3 0 0 0 
26 3 0 0 0 
27 3 0 0 0 
0 4 0 0 0 
1 4 0 0 0 
2 4 0 0 0 
3 4 0 0 0 
4 4 0 0 0 
5 4 0 0 0 
6 4 0 0 0 
7 4 0 0 0 
8 4 0 0 0 
9 4 0 0 0 
10 4 0 0 0 
11 4 0 0 0 
12 4 0 0 0 
13 4 0 0 0 
14 4 0 0 0 
15 4 0 0 0 
16 4 0 0 0 
17 4 0 0 0 
18 4 0 0 0 
19 4 0 0 0 
20 4 0 0 0 
21 4 0 0 0 
22 4 0 0 0 
23 4 0 0 0 
24 4 0 0 0 
25 4 0 0 0 
26 4 0 0 0 
27 4 0 0 0 
0 5 0 0 0 
1 5 0 0 0 
2 5 0 0 0 
3 5 0 0 0 
4 5 0 0 0 
5 5 0 0 0 
6 5 0 0 0 
7 5 0 0 0 
8 5 0 0 0 
9 5 0 0 0 
10 5 0 0 0 
11 5 0 0 0 
12 5 0 0 0 
13 5 0 0 0 
14 5 0 0 0 
15 5 0 0 0 
16 5 0 0 0 
17 5 0 0 0 
18 5 0 0 0 
19 5 0 0 0 
20 5 0 0 0 
21 5 0 0 0 
22 5 0 0 0 
23 5 0 0 0 
24 5 0 0 0 
25 5 0 0 0 
26 5 0 0 0 
27 5 0 0 0 
0 6 0 0 0 
1 6 0 0 0 
2 6 0 0 0 
3 6 0 0 0 
4 6 0 0 0 
5 6 0 0 0 
6 6 0 0 0 
7 6 0 0 0 
8 6 0 0 0 
9 6 0 0 0 
10 6 0 0 0 
11 6 0 0 0 
12 6 0 0 0 
13 6 0 0 0 
14 6 0 0 0 
15 6 0 0 0 
16 6 0 0 0 
17 6 0 0 0 
18 6 0 0 0 
19 6 0 0 0 
20 6 0 0 0 
21 6 0 0 0 
22 6 0 0 0 
23 6 0 0 0 
24 6 0 0 0 
25 6 0 0 0 
26 6 0 0 0 
27 6 0 0 0 
0 7 0 0 0 
1 7 0 0 0 
2 7 0 0 0 
3 7 0 0 0 
4 7 0 0 0 
5 7 0 0 0 
6 7 0 0 0 
7 7 0 0 0 
8 7 0 0 0 
9 7 0 0 0 
10 7 0 0 0 
11 7 0 0 0 
12 7 0 0 0 
13 7 0 0 0 
14 7 0 0 0 
15 7 0 0 0 
16 7 0 0 0 
17 7 0 0 0 
18 7 0 0 0 
19 7 62513 462.185 1.53905e-14 
20 7 270 16.5582 2.96297e-16 
21 7 0 0 0 
22 7 0 0 0 
23 7 0 0 0 
24 7 0 0 0 
25 7 0 0 0 
26 7 0 0 0 
27 7 0 0 0 
0 8 0 0 0 
1 8 0 0 0 
2 8 0 0 0 
3 8 0 0 0 
4 8 0 0 0 
5 8 0 0 0 
6 8 0 0 0 
7 8 0 0 0 
8 8 0 0 0 
9 8 0 0 0 
10 8 0 0 0 
11 8 0 0 0 
12 8 0 0 0 
13 8 0 0 0 
14 8 0 0 0 
15 8 0 0 0 
16 8 60 600 5.65222e-14 
17 8 7563 75630 4.10798e-12 
18 8 2.09592e+06 20881.8 7.99049e-13 
19 8 222790 11875.3 3.28282e-13 
20 8 15530 3918.84 7.34364e-14 
21 8 0 0 0 
22 8 0 0 0 
23 8 0 0 0 
24 8 0 0 0 
25 8 0 0 0 
26 8 0 0 0 
27 8 0 0 0 
0 9 0 0 0 
1 9 0 0 0 
2 9 0 0 0 
3 9 0 0 0 
4 9 0 0 0 
5 9 0 0 0 
6 9 0 0 0 
7 9 0 0 0 
8 9 0 0 0 
9 9 0 0 0 
10 9 0 0 0 
11 9 0 0 0 
12 9 0 0 0 
13 9 0 0 0 
14 9 105 1050 3.03813e-14 
15 9 2162 21620 5.29749e-13 
16 9 5203 52030 1.93083e-12 
17 9 9.7732e+06 371784 1.29422e-11 
18 9 5.08937e+06 550741 1.21626e-11 
19 9 1.46059e+06 375854 5.71511e-12 
20 9 120147 56164 4.65927e-13 
21 9 0 0 0 
22 9 0 0 0 
23 9 0 0 0 
24 9 0 0 0 
25 9 0 0 0 
26 9 0 0 0 
27 9 0 0 0 
0 10 0 0 0 
1 10 0 0 0 
2 10 0 0 0 
3 10 0 0 0 
4 10 0 0 0 
5 10 0 0 0 
6 10 0 0 0 
7 10 0 0 0 
8 10 0 0 0 
9 10 0 0 0 
10 10 0 0 0 
11 10 0 0 0 
12 10 0 0 0 
13 10 0 0 0 
14 10 595 5950 1.38339e-13 
15 10 10130 101300 2.63087e-12 
16 10 1.57556e+07 878501 3.17171e-11 
17 10 1.50606e+07 2.77467e+06 7.71908e-11 
18 10 9.82405e+06 3.74128e+06 6.57494e-11 
19 10 3.70319e+06 1.8077e+06 2.01083e-11 
20 10 484674 152907 9.8132e-13 
21 10 0 0 0 
22 10 0 0 0 
23 10 0 0 0 
24 10 0 0 0 
25 10 0 0 0 
26 10 0 0 0 
27 10 0 0 0 
0 11 0 0 0 
1 11 0 0 0 
2 11 0 0 0 
3 11 0 0 0 
4 11 0 0 0 
5 11 0 0 0 
6 11 0 0 0 
7 11 0 0 0 
8 11 0 0 0 
9 11 0 0 0 
10 11 0 0 0 
11 11 0 0 0 
12 11 0 0 0 
13 11 0 0 0 
14 11 2014 20140 5.87721e-13 
15 11 1.55596e+07 589328 1.98298e-11 
16 11 2.19481e+07 3.68416e+06 9.17653e-11 
17 11 2.5996e+07 1.20624e+07 2.2071e-10 
18 11 2.48063e+07 1.54436e+07 1.77718e-10 
19 11 9.4819e+06 2.6203e+06 2.58391e-11 
20 11 2.67427e+07 32160.4 2.66751e-13 
21 11 0 0 0 
22 11 0 0 0 
23 11 0 0 0 
24 11 0 0 0 
25 11 0 0 0 
26 11 0 0 0 
27 11 0 0 0 
0 12 0 0 0 
1 12 0 0 0 
2 12 0 0 0 
3 12 0 0 0 
4 12 0 0 0 
5 12 0 0 0 
6 12 0 0 0 
7 12 0 0 0 
8 12 0 0 0 
9 12 0 0 0 
10 12 0 0 0 
11 12 0 0 0 
12 12 0 0 0 
13 12 873 8730 1.3247e-13 
14 12 1.58876e+07 251125 7.98293e-12 
15 12 1.81773e+07 1.37105e+06 3.34493e-11 
16 12 2.36237e+07 5.79685e+06 1.00445e-10 
17 12 3.444e+07 1.74836e+07 2.0188e-10 
18 12 4.62865e+07 2.13656e+07 1.87255e-10 
19 12 3.16866e+07 62312.8 5.02533e-13 
20 12 0 0 0 
21 12 0 0 0 
22 12 0 0 0 
23 12 0 0 0 
24 12 0 0 0 
25 12 0 0 0 
26 12 0 0 0 
27 12 0 0 0 
0 13 0 0 0 
1 13 0 0 0 
2 13 0 0 0 
3 13 0 0 0 
4 13 0 0 0 
5 13 0 0 0 
6 13 0 0 0 
7 13 0 0 0 
8 13 0 0 0 
9 13 0 0 0 
10 13 0 0 0 
11 13 0 0 0 
12 13 0 0 0 
13 13 2.64046e+07 151621 5.81534e-12 
14 13 2.16677e+07 847353 2.00696e-11 
15 13 2.11777e+07 2.49787e+06 4.34644e-11 
16 13 2.10127e+07 3.63382e+06 4.90946e-11 
17 13 2.19492e+07 2.50914e+06 2.19539e-11 
18 13 1.18802e+08 126693 9.32845e-13 
19 13 0 0 0 
20 13 0 0 0 
21 13 0 0 0 
22 13 0 0 0 
23 13 0 0 0 
24 13 0 0 0 
25 13 0 0 0 
26 13 0 0 0 
27 13 0 0 0 
0 14 0 0 0 
1 14 0 0 0 
2 14 0 0 0 
3 14 0 0 0 
4 14 0 0 0 
5 14 0 0 0 
6 14 0 0 0 
7 14 0 0 0 
8 14 0 0 0 
9 14 0 0 0 
10 14 0 0 0 
11 14 2915 29150 1.00335e-12 
12 14 6.56424e+07 97536.3 3.9623e-12 
13 14 3.37947e+07 570284 1.51871e-11 
14 14 2.51311e+07 2.20947e+06 3.96355e-11 
15 14 2.24259e+07 3.79496e+06 4.79525e-11 
16 14 2.20256e+07 1.94407e+06 1.65253e-11 
17 14 2.35034e+07 11339.4 8.31089e-14 
18 14 0 0 0 
19 14 0 0 0 
20 14 0 0 0 
21 14 0 0 0 
22 14 0 0 0 
23 14 0 0 0 
24 14 0 0 0 
25 14 0 0 0 
26 14 0 0 0 
27 14 0 0 0 
0 15 0 0 0 
1 15 0 0 0 
2 15 0 0 0 
3 15 0 0 0 
4 15 0 0 0 
5 15 0 0 0 
6 15 0 0 0 
7 15 0 0 0 
8 15 0 0 0 
9 15 2.5423e+08 4748.91 4.83656e-13 
10 15 442 4420 9.66986e-14 
11 15 1.4559e+08 232466 9.11896e-12 
12 15 1.07964e+08 985262 2.44601e-11 
13 15 7.22147e+07 3.24004e+06 5.66122e-11 
14 15 4.29833e+07 5.12802e+06 6.60574e-11 
15 15 2.50973e+07 2.91004e+06 2.7612e-11 
16 15 1.18982e+07 4853.04 4.35637e-14 
17 15 0 0 0 
18 15 0 0 0 
19 15 0 0 0 
20 15 0 0 0 
21 15 0 0 0 
22 15 0 0 0 
23 15 0 0 0 
24 15 0 0 0 
25 15 0 0 0 
26 15 0 0 0 
27 15 0 0 0 
0 16 0 0 0 
1 16 0 0 0 
2 16 0 0 0 
3 16 0 0 0 
4 16 0 0 0 
5 16 0 0 0 
6 16 3.51912e+07 343.508 7.32326e-14 
7 16 1.04061e+07 3184.73 4.30615e-13 
8 16 8.44981e+07 14960.3 1.3799e-12 
9 16 1.55573e+08 59893.7 3.448e-12 
10 16 1.4521e+08 447446 1.62149e-11 
11 16 1.63083e+08 2.74863e+06 6.47113e-11 
12 16 1.54825e+08 7.76804e+06 1.27872e-10 
13 16 1.23691e+08 1.0184e+07 1.23077e-10 
14 16 8.55617e+07 5.84965e+06 5.15914e-11 
15 16 8.529e+07 56851.7 5.58519e-13 
16 16 0 0 0 
17 16 0 0 0 
18 16 0 0 0 
19 16 0 0 0 
20 16 0 0 0 
21 16 0 0 0 
22 16 0 0 0 
23 16 0 0 0 
24 16 0 0 0 
25 16 0 0 0 
26 16 0 0 0 
27 16 0 0 0 
0 17 0 0 0 
1 17 0 0 0 
2 17 0 0 0 
3 17 0 0 0 
4 17 1.49125e+06 59.2261 4.00826e-14 
5 17 9.97127e+06 233.279 6.92782e-14 
6 17 1.0253e+08 3320.15 4.02064e-13 
7 17 1.07153e+08 29816.3 2.30009e-12 
8 17 1.31237e+08 135120 7.0814e-12 
9 17 1.10138e+08 405698 1.50876e-11 
10 17 1.18808e+08 1.69621e+06 4.42772e-11 
11 17 1.38051e+08 7.92766e+06 1.36869e-10 
12 17 1.56575e+08 1.6789e+07 2.05255e-10 
13 17 1.74176e+08 1.09705e+07 9.4208e-11 
14 17 1.6043e+08 69221.9 6.42598e-13 
15 17 0 0 0 
16 17 0 0 0 
17 17 0 0 0 
18 17 0 0 0 
19 17 0 0 0 
20 17 0 0 0 
21 17 0 0 0 
22 17 0 0 0 
23 17 0 0 0 
24 17 0 0 0 
25 17 0 0 0 
26 17 0 0 0 
27 17 0 0 0 
0 18 0 0 0 
1 18 0 0 0 
2 18 0 0 0 
3 18 0 0 0 
4 18 1.08804e+07 561.402 1.99264e-13 
5 18 1.00008e+08 3027.8 4.39653e-13 
6 18 1.03869e+08 44794.4 3.2752e-12 
7 18 1.08567e+08 398908 1.83849e-11 
8 18 1.08224e+08 1.67059e+06 5.34998e-11 
9 18 1.03782e+08 3.938e+06 9.06831e-11 
10 18 1.064e+08 7.13024e+06 1.24652e-10 
11 18 1.08841e+08 1.02856e+07 1.28414e-10 
12 18 1.23374e+08 9.37698e+06 8.50421e-11 
13 18 1.97175e+08 47444.4 3.8439e-13 
14 18 0 0 0 
15 18 0 0 0 
16 18 0 0 0 
17 18 0 0 0 
18 18 0 0 0 
19 18 0 0 0 
20 18 0 0 0 
21 18 0 0 0 
22 18 0 0 0 
23 18 0 0 0 
24 18 0 0 0 
25 18 0 0 0 
26 18 0 0 0 
27 18 0 0 0 
0 19 0 0 0 
1 19 0 0 0 
2 19 0 0 0 
3 19 0 0 0 
4 19 8.52144e+07 2790.75 4.34515e-13 
5 19 1.00169e+08 19590.4 1.63713e-12 
6 19 1.09056e+08 301222 1.37536e-11 
7 19 1.10817e+08 2.53952e+06 7.73946e-11 
8 19 1.1095e+08 9.78054e+06 2.14106e-10 
9 19 1.0897e+08 1.79663e+07 2.88155e-10 
10 19 1.04834e+08 1.68611e+07 2.0414e-10 
11 19 9.6943e+07 7.34238e+06 6.7e-11 
12 19 1.46023e+08 82234.9 6.38152e-13 
13 19 0 0 0 
14 19 0 0 0 
15 19 0 0 0 
16 19 0 0 0 
17 19 0 0 0 
18 19 0 0 0 
19 19 0 0 0 
20 19 0 0 0 
21 19 0 0 0 
22 19 0 0 0 
23 19 0 0 0 
24 19 0 0 0 
25 19 0 0 0 
26 19 0 0 0 
27 19 0 0 0 
0 20 0 0 0 
1 20 0 0 0 
2 20 0 0 0 
3 20 0 0 0 
4 20 8.79462e+07 4043.16 4.16935e-13 
5 20 1.02971e+08 28357.6 1.5976e-12 
6 20 1.11976e+08 431593 1.36654e-11 
7 20 1.13048e+08 3.56628e+06 7.49893e-11 
8 20 1.1238e+08 1.31872e+07 2.01244e-10 
9 20 1.13965e+08 2.21368e+07 2.52553e-10 
10 20 1.11146e+08 1.40777e+07 1.21069e-10 
11 20 1.36729e+08 104007 7.13102e-13 
12 20 0 0 0 
13 20 0 0 0 
14 20 0 0 0 
15 20 0 0 0 
16 20 0 0 0 
17 20 0 0 0 
18 20 0 0 0 
19 20 0 0 0 
20 20 0 0 0 
21 20 0 0 0 
22 20 0 0 0 
23 20 0 0 0 
24 20 0 0 0 
25 20 0 0 0 
26 20 0 0 0 
27 20 0 0 0 
