0 0 0.000000 
0 1 0.000000 
0 2 0.000000 
0 3 0.000000 
0 4 0.000000 
0 5 0.000000 
0 6 0.000000 
0 7 0.000000 
0 8 0.000000 
0 9 0.000000 
0 10 0.000000 
0 11 0.000000 
0 12 0.000000 
0 13 0.000000 
0 14 0.000000 
0 15 0.000000 
0 16 0.000000 
0 17 0.000000 
0 18 0.000000 
0 19 0.000000 
0 20 0.000000 
1 0 0.000000 
1 1 0.000000 
1 2 0.000000 
1 3 0.000000 
1 4 0.000000 
1 5 0.000000 
1 6 0.000000 
1 7 0.000000 
1 8 0.000000 
1 9 0.000000 
1 10 0.000000 
1 11 0.000000 
1 12 0.000000 
1 13 0.000000 
1 14 0.000000 
1 15 0.000000 
1 16 0.000000 
1 17 0.000000 
1 18 0.000000 
1 19 0.000000 
1 20 0.000000 
2 0 0.000000 
2 1 0.000000 
2 2 0.000000 
2 3 0.000000 
2 4 0.000000 
2 5 0.000000 
2 6 0.000000 
2 7 0.000000 
2 8 0.000000 
2 9 0.000000 
2 10 0.000000 
2 11 0.000000 
2 12 0.000000 
2 13 0.000000 
2 14 0.000000 
2 15 0.000000 
2 16 0.000000 
2 17 0.000000 
2 18 0.000000 
2 19 0.000000 
2 20 0.000000 
3 0 0.000000 
3 1 0.000000 
3 2 0.000000 
3 3 0.000000 
3 4 0.000000 
3 5 0.000000 
3 6 0.000000 
3 7 0.000000 
3 8 0.000000 
3 9 0.000000 
3 10 0.000000 
3 11 0.000000 
3 12 0.000000 
3 13 0.000000 
3 14 0.000000 
3 15 0.000000 
3 16 0.000000 
3 17 0.000000 
3 18 0.000000 
3 19 0.000000 
3 20 0.000000 
4 0 0.000000 
4 1 0.010000 
4 2 0.010000 
4 3 0.010000 
4 4 0.010000 
4 5 0.010000 
4 6 0.010000 
4 7 0.010000 
4 8 0.010000 
4 9 0.010000 
4 10 0.010000 
4 11 0.010000 
4 12 0.010000 
4 13 0.010000 
4 14 0.010000 
4 15 0.010000 
4 16 0.010000 
4 17 25178.977361 
4 18 19380.815085 
4 19 30534.574715 
4 20 21751.857526 
5 0 0.000000 
5 1 0.010000 
5 2 0.010000 
5 3 0.010000 
5 4 0.010000 
5 5 0.010000 
5 6 0.010000 
5 7 0.010000 
5 8 0.010000 
5 9 0.010000 
5 10 0.010000 
5 11 0.010000 
5 12 0.010000 
5 13 0.010000 
5 14 0.010000 
5 15 0.010000 
5 16 0.010000 
5 17 42744.027358 
5 18 33029.999902 
5 19 5113.163271 
5 20 3631.151023 
6 0 0.000000 
6 1 0.010000 
6 2 0.010000 
6 3 0.010000 
6 4 0.010000 
6 5 0.010000 
6 6 0.010000 
6 7 0.010000 
6 8 0.010000 
6 9 0.010000 
6 10 0.010000 
6 11 0.010000 
6 12 0.010000 
6 13 0.010000 
6 14 0.010000 
6 15 0.010000 
6 16 102446.500000 
6 17 30881.143047 
6 18 2318.804554 
6 19 362.044713 
6 20 259.447497 
7 0 0.000000 
7 1 0.010000 
7 2 0.010000 
7 3 0.010000 
7 4 0.010000 
7 5 0.010000 
7 6 0.010000 
7 7 0.010000 
7 8 0.010000 
7 9 0.010000 
7 10 0.010000 
7 11 0.010000 
7 12 0.010000 
7 13 0.010000 
7 14 0.010000 
7 15 0.010000 
7 16 3267.498008 
7 17 3593.763102 
7 18 272.160054 
7 19 43.636744 
7 20 31.699036 
8 0 0.000000 
8 1 0.010000 
8 2 0.010000 
8 3 0.010000 
8 4 0.010000 
8 5 0.010000 
8 6 0.010000 
8 7 0.010000 
8 8 0.010000 
8 9 0.010000 
8 10 0.010000 
8 11 0.010000 
8 12 0.010000 
8 13 0.010000 
8 14 0.010000 
8 15 0.010000 
8 16 5648.149283 
8 17 971.263518 
8 18 64.782076 
8 19 11.343943 
8 20 8.521928 
9 0 0.000000 
9 1 0.010000 
9 2 0.010000 
9 3 0.010000 
9 4 0.010000 
9 5 0.010000 
9 6 0.010000 
9 7 0.010000 
9 8 0.010000 
9 9 0.010000 
9 10 0.010000 
9 11 0.010000 
9 12 0.010000 
9 13 0.010000 
9 14 0.010000 
9 15 53534.457516 
9 16 2597.492846 
9 17 271.477922 
9 18 26.354024 
9 19 6.065237 
9 20 5.148219 
10 0 0.000000 
10 1 0.010000 
10 2 0.010000 
10 3 0.010000 
10 4 0.010000 
10 5 0.010000 
10 6 0.010000 
10 7 0.010000 
10 8 0.010000 
10 9 0.010000 
10 10 0.010000 
10 11 0.010000 
10 12 0.010000 
10 13 0.010000 
10 14 0.100000 
10 15 0.100000 
10 16 324.530884 
10 17 70.043030 
10 18 14.922364 
10 19 6.217516 
10 20 7.895208 
11 0 0.000000 
11 1 0.010000 
11 2 0.010000 
11 3 0.010000 
11 4 0.010000 
11 5 0.010000 
11 6 0.010000 
11 7 0.010000 
11 8 0.010000 
11 9 0.010000 
11 10 0.010000 
11 11 0.010000 
11 12 0.100000 
11 13 0.100000 
11 14 0.100000 
11 15 626.286177 
11 16 59.332711 
11 17 17.413842 
11 18 10.581883 
11 19 13.203218 
11 20 1314.609022 
12 0 0.000000 
12 1 0.010000 
12 2 0.010000 
12 3 0.010000 
12 4 0.010000 
12 5 0.010000 
12 6 0.010000 
12 7 0.010000 
12 8 0.010000 
12 9 0.010000 
12 10 0.100000 
12 11 0.100000 
12 12 0.100000 
12 13 0.100000 
12 14 673.004507 
12 15 109.579259 
12 16 19.930987 
12 17 9.326071 
12 18 13.157161 
12 19 1775.684905 
12 20 0.010000 
13 0 0.000000 
13 1 0.010000 
13 2 0.010000 
13 3 0.010000 
13 4 0.010000 
13 5 0.010000 
13 6 0.010000 
13 7 0.010000 
13 8 0.010000 
13 9 0.100000 
13 10 0.100000 
13 11 0.100000 
13 12 0.100000 
13 13 174.148606 
13 14 59.259455 
13 15 22.288252 
13 16 12.145615 
13 17 15.876730 
13 18 4155.922736 
13 19 0.010000 
13 20 0.010000 
14 0 0.000000 
14 1 0.010000 
14 2 0.010000 
14 3 0.010000 
14 4 0.010000 
14 5 0.010000 
14 6 0.010000 
14 7 0.010000 
14 8 0.010000 
14 9 0.100000 
14 10 0.100000 
14 11 0.100000 
14 12 63.265448 
14 13 25.571021 
14 14 11.374264 
14 15 8.382043 
14 16 14.626806 
14 17 2317.621070 
14 18 0.010000 
14 19 0.010000 
14 20 0.010000 
15 0 0.000000 
15 1 0.010000 
15 2 0.010000 
15 3 0.010000 
15 4 0.010000 
15 5 0.010000 
15 6 0.010000 
15 7 0.010000 
15 8 0.100000 
15 9 0.100000 
15 10 0.100000 
15 11 26.402371 
15 12 13.257915 
15 13 8.478289 
15 14 5.909381 
15 15 8.624381 
15 16 1500.219044 
15 17 0.010000 
15 18 0.010000 
15 19 0.010000 
15 20 0.010000 
16 0 0.000000 
16 1 0.010000 
16 2 0.010000 
16 3 0.010000 
16 4 0.010000 
16 5 0.010000 
16 6 0.010000 
16 7 0.100000 
16 8 0.100000 
16 9 0.100000 
16 10 17.934694 
16 11 5.957427 
16 12 4.075264 
16 13 5.782541 
16 14 11.329620 
16 15 2451.692757 
16 16 0.010000 
16 17 0.010000 
16 18 0.010000 
16 19 0.010000 
16 20 0.010000 
17 0 0.000000 
17 1 0.010000 
17 2 0.010000 
17 3 0.010000 
17 4 0.010000 
17 5 0.100000 
17 6 0.100000 
17 7 0.100000 
17 8 0.100000 
17 9 26.287316 
17 10 5.427887 
17 11 2.155123 
17 12 1.969844 
17 13 8.747717 
17 14 2072.720003 
17 15 0.010000 
17 16 0.010000 
17 17 0.010000 
17 18 0.010000 
17 19 0.010000 
17 20 0.010000 
18 0 0.000000 
18 1 0.010000 
18 2 0.010000 
18 3 0.010000 
18 4 0.010000 
18 5 0.100000 
18 6 0.100000 
18 7 0.100000 
18 8 100.370402 
18 9 9.240957 
18 10 2.625854 
18 11 1.606249 
18 12 2.166400 
18 13 937.719215 
18 14 0.010000 
18 15 0.010000 
18 16 0.010000 
18 17 0.010000 
18 18 0.010000 
18 19 0.010000 
18 20 0.010000 
19 0 0.000000 
19 1 0.010000 
19 2 0.010000 
19 3 0.010000 
19 4 0.010000 
19 5 0.100000 
19 6 0.100000 
19 7 135.255462 
19 8 18.760825 
19 9 3.886057 
19 10 2.048566 
19 11 3.618634 
19 12 508.508842 
19 13 0.010000 
19 14 0.010000 
19 15 0.010000 
19 16 0.010000 
19 17 0.010000 
19 18 0.010000 
19 19 0.010000 
19 20 0.010000 
20 0 0.000000 
20 1 0.010000 
20 2 0.100000 
20 3 0.100000 
20 4 0.100000 
20 5 0.100000 
20 6 85.209794 
20 7 16.306098 
20 8 3.962911 
20 9 2.139219 
20 10 3.169728 
20 11 831.541375 
20 12 0.010000 
20 13 0.010000 
20 14 0.010000 
20 15 0.010000 
20 16 0.010000 
20 17 0.010000 
20 18 0.010000 
20 19 0.010000 
20 20 0.010000 
21 0 0.000000 
21 1 0.010000 
21 2 0.100000 
21 3 0.100000 
21 4 0.100000 
21 5 37.935549 
21 6 8.694610 
21 7 3.075382 
21 8 1.691373 
21 9 2.391178 
21 10 389.707955 
21 11 0.010000 
21 12 0.010000 
21 13 0.010000 
21 14 0.010000 
21 15 0.010000 
21 16 0.010000 
21 17 0.010000 
21 18 0.010000 
21 19 0.010000 
21 20 0.010000 
22 0 0.000000 
22 1 0.100000 
22 2 0.100000 
22 3 0.100000 
22 4 75.130577 
22 5 6.696740 
22 6 1.830562 
22 7 1.230016 
22 8 2.038811 
22 9 219.771567 
22 10 0.010000 
22 11 0.010000 
22 12 0.010000 
22 13 0.010000 
22 14 0.010000 
22 15 0.010000 
22 16 0.010000 
22 17 0.010000 
22 18 0.010000 
22 19 0.010000 
22 20 0.010000 
23 0 0.000000 
23 1 0.100000 
23 2 0.100000 
23 3 22.855931 
23 4 11.495012 
23 5 2.397367 
23 6 1.000000 
23 7 1.306774 
23 8 197.501119 
23 9 0.100000 
23 10 0.010000 
23 11 0.010000 
23 12 0.010000 
23 13 0.010000 
23 14 0.010000 
23 15 0.010000 
23 16 0.010000 
23 17 0.010000 
23 18 0.010000 
23 19 0.010000 
23 20 0.010000 
24 0 0.000000 
24 1 0.000000 
24 2 0.000000 
24 3 0.000000 
24 4 0.000000 
24 5 0.000000 
24 6 0.000000 
24 7 0.000000 
24 8 0.000000 
24 9 0.000000 
24 10 0.000000 
24 11 0.000000 
24 12 0.000000 
24 13 0.000000 
24 14 0.000000 
24 15 0.000000 
24 16 0.000000 
24 17 0.000000 
24 18 0.000000 
24 19 0.000000 
24 20 0.000000 
25 0 0.000000 
25 1 0.000000 
25 2 0.000000 
25 3 0.000000 
25 4 0.000000 
25 5 0.000000 
25 6 0.000000 
25 7 0.000000 
25 8 0.000000 
25 9 0.000000 
25 10 0.000000 
25 11 0.000000 
25 12 0.000000 
25 13 0.000000 
25 14 0.000000 
25 15 0.000000 
25 16 0.000000 
25 17 0.000000 
25 18 0.000000 
25 19 0.000000 
25 20 0.000000 
26 0 0.000000 
26 1 0.000000 
26 2 0.000000 
26 3 0.000000 
26 4 0.000000 
26 5 0.000000 
26 6 0.000000 
26 7 0.000000 
26 8 0.000000 
26 9 0.000000 
26 10 0.000000 
26 11 0.000000 
26 12 0.000000 
26 13 0.000000 
26 14 0.000000 
26 15 0.000000 
26 16 0.000000 
26 17 0.000000 
26 18 0.000000 
26 19 0.000000 
26 20 0.000000 
27 0 0.000000 
27 1 0.000000 
27 2 0.000000 
27 3 0.000000 
27 4 0.000000 
27 5 0.000000 
27 6 0.000000 
27 7 0.000000 
27 8 0.000000 
27 9 0.000000 
27 10 0.000000 
27 11 0.000000 
27 12 0.000000 
27 13 0.000000 
27 14 0.000000 
27 15 0.000000 
27 16 0.000000 
27 17 0.000000 
27 18 0.000000 
27 19 0.000000 
27 20 0.000000 
