#t = 140000000; extr. Ts: 0.103383 
0 0 0 0 0 
1 0 0 0 0 
2 0 0 0 0 
3 0 0 0 0 
4 0 0 0 0 
5 0 0 0 0 
6 0 0 0 0 
7 0 0 0 0 
8 0 0 0 0 
9 0 0 0 0 
10 0 0 0 0 
11 0 0 0 0 
12 0 0 0 0 
13 0 0 0 0 
14 0 0 0 0 
15 0 0 0 0 
16 0 0 0 0 
17 0 0 0 0 
18 0 0 0 0 
19 0 0 0 0 
20 0 0 0 0 
21 0 0 0 0 
22 0 0 0 0 
23 0 0 0 0 
24 0 0 0 0 
25 0 0 0 0 
26 0 0 0 0 
27 0 0 0 0 
0 1 0 0 0 
1 1 0 0 0 
2 1 0 0 0 
3 1 0 0 0 
4 1 0 0 0 
5 1 0 0 0 
6 1 0 0 0 
7 1 0 0 0 
8 1 0 0 0 
9 1 0 0 0 
10 1 0 0 0 
11 1 0 0 0 
12 1 0 0 0 
13 1 0 0 0 
14 1 0 0 0 
15 1 0 0 0 
16 1 0 0 0 
17 1 0 0 0 
18 1 0 0 0 
19 1 0 0 0 
20 1 0 0 0 
21 1 0 0 0 
22 1 34655 3465.5 2.64065e-13 
23 1 743562 74356.2 2.64892e-12 
24 1 0 0 0 
25 1 0 0 0 
26 1 0 0 0 
27 1 0 0 0 
0 2 0 0 0 
1 2 0 0 0 
2 2 0 0 0 
3 2 0 0 0 
4 2 0 0 0 
5 2 0 0 0 
6 2 0 0 0 
7 2 0 0 0 
8 2 0 0 0 
9 2 0 0 0 
10 2 0 0 0 
11 2 0 0 0 
12 2 0 0 0 
13 2 0 0 0 
14 2 0 0 0 
15 2 0 0 0 
16 2 0 0 0 
17 2 0 0 0 
18 2 0 0 0 
19 2 0 0 0 
20 2 0 0 0 
21 2 6138 613.8 1.70764e-14 
22 2 309352 30935.2 1.23225e-12 
23 2 5.21656e+06 521656 1.27095e-11 
24 2 0 0 0 
25 2 0 0 0 
26 2 0 0 0 
27 2 0 0 0 
0 3 0 0 0 
1 3 0 0 0 
2 3 0 0 0 
3 3 0 0 0 
4 3 0 0 0 
5 3 0 0 0 
6 3 0 0 0 
7 3 0 0 0 
8 3 0 0 0 
9 3 0 0 0 
10 3 0 0 0 
11 3 0 0 0 
12 3 0 0 0 
13 3 0 0 0 
14 3 0 0 0 
15 3 0 0 0 
16 3 0 0 0 
17 3 0 0 0 
18 3 0 0 0 
19 3 301 30.1 9.7309e-16 
20 3 1.38084e+07 466.996 2.51689e-14 
21 3 1.69313e+08 5140.74 1.99119e-13 
22 3 607996 60799.6 1.81713e-12 
23 3 8.01149e+06 801149 1.3042e-11 
24 3 0 0 0 
25 3 0 0 0 
26 3 0 0 0 
27 3 0 0 0 
0 4 0 0 0 
1 4 0 0 0 
2 4 0 0 0 
3 4 0 0 0 
4 4 0 0 0 
5 4 0 0 0 
6 4 0 0 0 
7 4 0 0 0 
8 4 0 0 0 
9 4 0 0 0 
10 4 0 0 0 
11 4 0 0 0 
12 4 0 0 0 
13 4 0 0 0 
14 4 0 0 0 
15 4 0 0 0 
16 4 0 0 0 
17 4 0 0 0 
18 4 0 0 0 
19 4 1.644e+07 143.537 7.69114e-15 
20 4 2.2395e+07 1316.79 5.68908e-14 
21 4 4.08947e+07 16739.2 4.77657e-13 
22 4 4.39189e+08 129114 2.30897e-12 
23 4 5.68778e+09 960238 1.0569e-11 
24 4 0 0 0 
25 4 0 0 0 
26 4 0 0 0 
27 4 0 0 0 
0 5 0 0 0 
1 5 0 0 0 
2 5 0 0 0 
3 5 0 0 0 
4 5 0 0 0 
5 5 0 0 0 
6 5 0 0 0 
7 5 0 0 0 
8 5 0 0 0 
9 5 0 0 0 
10 5 0 0 0 
11 5 0 0 0 
12 5 0 0 0 
13 5 0 0 0 
14 5 0 0 0 
15 5 0 0 0 
16 5 0 0 0 
17 5 2157 215.7 1.79114e-15 
18 5 2.51771e+07 436.469 1.61182e-14 
19 5 9.38867e+06 2204.4 6.88225e-14 
20 5 8.75725e+06 16550.5 4.69964e-13 
21 5 1.63036e+07 197070 3.39073e-12 
22 5 4.95126e+07 1.15739e+06 1.27333e-11 
23 5 6.84741e+07 3.25379e+06 2.50232e-11 
24 5 0 0 0 
25 5 0 0 0 
26 5 0 0 0 
27 5 0 0 0 
0 6 0 0 0 
1 6 0 0 0 
2 6 0 0 0 
3 6 0 0 0 
4 6 0 0 0 
5 6 0 0 0 
6 6 0 0 0 
7 6 0 0 0 
8 6 0 0 0 
9 6 0 0 0 
10 6 0 0 0 
11 6 0 0 0 
12 6 0 0 0 
13 6 0 0 0 
14 6 0 0 0 
15 6 0 0 0 
16 6 0 0 0 
17 6 2038 203.8 1.83676e-15 
18 6 1.19746e+07 1985.34 4.99493e-14 
19 6 5.46553e+06 10100.8 2.47553e-13 
20 6 3.56439e+06 54801.4 1.16854e-12 
21 6 5.39784e+06 484708 6.12132e-12 
22 6 9.13098e+06 2.53745e+06 1.9587e-11 
23 6 1.70475e+07 5.71652e+06 3.22439e-11 
24 6 0 0 0 
25 6 0 0 0 
26 6 0 0 0 
27 6 0 0 0 
0 7 0 0 0 
1 7 0 0 0 
2 7 0 0 0 
3 7 0 0 0 
4 7 0 0 0 
5 7 0 0 0 
6 7 0 0 0 
7 7 0 0 0 
8 7 0 0 0 
9 7 0 0 0 
10 7 0 0 0 
11 7 0 0 0 
12 7 0 0 0 
13 7 0 0 0 
14 7 0 0 0 
15 7 0 0 0 
16 7 1174 117.4 5.87732e-15 
17 7 1.36788e+07 1397.17 6.2743e-14 
18 7 9.18259e+06 9102.36 2.06124e-13 
19 7 4.31764e+06 47567.9 9.62072e-13 
20 7 2.09754e+06 234525 3.69359e-12 
21 7 1.85924e+06 944529 9.30516e-12 
22 7 2.00559e+06 1.66007e+06 8.11275e-12 
23 7 6.72244e+06 1.76448e+06 6.87386e-12 
24 7 0 0 0 
25 7 0 0 0 
26 7 0 0 0 
27 7 0 0 0 
0 8 0 0 0 
1 8 0 0 0 
2 8 0 0 0 
3 8 0 0 0 
4 8 0 0 0 
5 8 0 0 0 
6 8 0 0 0 
7 8 0 0 0 
8 8 0 0 0 
9 8 0 0 0 
10 8 0 0 0 
11 8 0 0 0 
12 8 0 0 0 
13 8 0 0 0 
14 8 0 0 0 
15 8 6249 624.9 2.26381e-14 
16 8 7.3399e+06 1045.75 4.53891e-14 
17 8 8.35207e+06 6982.41 2.12878e-13 
18 8 6.00132e+06 33014.2 7.01386e-13 
19 8 2.33008e+06 115092 1.7389e-12 
20 8 1.1926e+06 385595 3.82521e-12 
21 8 1.03958e+06 979958 8.57998e-12 
22 8 1.33512e+06 1.33512e+06 6.24768e-12 
23 8 0 0 0 
24 8 0 0 0 
25 8 0 0 0 
26 8 0 0 0 
27 8 0 0 0 
0 9 0 0 0 
1 9 0 0 0 
2 9 0 0 0 
3 9 0 0 0 
4 9 0 0 0 
5 9 0 0 0 
6 9 0 0 0 
7 9 0 0 0 
8 9 0 0 0 
9 9 0 0 0 
10 9 0 0 0 
11 9 0 0 0 
12 9 0 0 0 
13 9 0 0 0 
14 9 857 85.7 2.93732e-15 
15 9 1.10157e+07 2261.22 1.03057e-13 
16 9 1.19417e+07 15713.9 5.06218e-13 
17 9 1.2073e+07 73567.4 1.7374e-12 
18 9 1.09827e+07 239991 4.42161e-12 
19 9 4.5846e+06 397453 5.55759e-12 
20 9 1.23139e+06 354804 3.96248e-12 
21 9 0 0 0 
22 9 0 0 0 
23 9 0 0 0 
24 9 0 0 0 
25 9 0 0 0 
26 9 0 0 0 
27 9 0 0 0 
0 10 0 0 0 
1 10 0 0 0 
2 10 0 0 0 
3 10 0 0 0 
4 10 0 0 0 
5 10 0 0 0 
6 10 0 0 0 
7 10 0 0 0 
8 10 0 0 0 
9 10 0 0 0 
10 10 0 0 0 
11 10 0 0 0 
12 10 0 0 0 
13 10 1139 113.9 1.20815e-14 
14 10 1.8748e+07 1487.05 7.56411e-14 
15 10 1.55903e+07 10284.1 3.39864e-13 
16 10 1.38565e+07 55337.4 1.2933e-12 
17 10 1.27406e+07 192851 3.40467e-12 
18 10 1.05635e+07 412131 5.25848e-12 
19 10 1.04474e+07 639740 6.31921e-12 
20 10 9.54332e+06 429971 3.00188e-12 
21 10 0 0 0 
22 10 0 0 0 
23 10 0 0 0 
24 10 0 0 0 
25 10 0 0 0 
26 10 0 0 0 
27 10 0 0 0 
0 11 0 0 0 
1 11 0 0 0 
2 11 0 0 0 
3 11 0 0 0 
4 11 0 0 0 
5 11 0 0 0 
6 11 0 0 0 
7 11 0 0 0 
8 11 0 0 0 
9 11 0 0 0 
10 11 0 0 0 
11 11 0 0 0 
12 11 0 0 0 
13 11 2.16823e+07 239.459 1.38241e-14 
14 11 2.4118e+07 3152.82 1.2543e-13 
15 11 2.29055e+07 24090.3 5.79418e-13 
16 11 2.12785e+07 115390 1.98222e-12 
17 11 1.823e+07 300352 3.68988e-12 
18 11 1.20975e+07 306162 2.23429e-12 
19 11 5.92977e+06 93967.6 5.27363e-13 
20 11 0 0 0 
21 11 0 0 0 
22 11 0 0 0 
23 11 0 0 0 
24 11 0 0 0 
25 11 0 0 0 
26 11 0 0 0 
27 11 0 0 0 
0 12 0 0 0 
1 12 0 0 0 
2 12 0 0 0 
3 12 0 0 0 
4 12 0 0 0 
5 12 0 0 0 
6 12 0 0 0 
7 12 0 0 0 
8 12 0 0 0 
9 12 0 0 0 
10 12 0 0 0 
11 12 0 0 0 
12 12 0 0 0 
13 12 3.07595e+07 386.379 1.26185e-14 
14 12 3.26891e+07 4427.02 1.02261e-13 
15 12 3.1181e+07 28338.9 4.57191e-13 
16 12 2.85559e+07 106552 1.20292e-12 
17 12 2.71303e+07 231206 1.79139e-12 
18 12 2.34558e+07 190382 9.91757e-13 
19 12 1.34315e+07 107.756 5.43531e-16 
20 12 0 0 0 
21 12 0 0 0 
22 12 0 0 0 
23 12 0 0 0 
24 12 0 0 0 
25 12 0 0 0 
26 12 0 0 0 
27 12 0 0 0 
0 13 0 0 0 
1 13 0 0 0 
2 13 0 0 0 
3 13 0 0 0 
4 13 0 0 0 
5 13 0 0 0 
6 13 18551 3.58754e-05 5.67012e-20 
7 13 274779 0.00053139 2.94917e-19 
8 13 0 0 0 
9 13 2.14387e+07 0.0414599 1.21776e-17 
10 13 0 0 0 
11 13 0 0 0 
12 13 5.56433e+07 30.779 1.14796e-15 
13 13 6.01844e+07 588.87 1.36357e-14 
14 13 5.77149e+07 4521.73 7.09165e-14 
15 13 4.91748e+07 14936.7 1.70141e-13 
16 13 3.87458e+07 21631.5 1.75245e-13 
17 13 3.04555e+07 12014.3 7.10573e-14 
18 13 0 0 0 
19 13 0 0 0 
20 13 0 0 0 
21 13 0 0 0 
22 13 0 0 0 
23 13 0 0 0 
24 13 0 0 0 
25 13 0 0 0 
26 13 0 0 0 
27 13 0 0 0 
0 14 0 0 0 
1 14 0 0 0 
2 14 0 0 0 
3 14 0 0 0 
4 14 0 0 0 
5 14 0 0 0 
6 14 94824 0.000183378 1.60211e-19 
7 14 605515 0.00117099 6.88698e-19 
8 14 3.44358e+06 0.00665948 2.25398e-18 
9 14 1.59462e+07 0.0308381 4.24198e-18 
10 14 4.77693e+07 0.304358 2.25823e-17 
11 14 0 0 0 
12 14 8.20314e+07 63.093 1.78731e-15 
13 14 8.82303e+07 1038.93 1.87347e-14 
14 14 8.65715e+07 6225.4 7.88871e-14 
15 14 8.40721e+07 14304.1 1.29137e-13 
16 14 7.55326e+07 10305.1 7.21524e-14 
17 14 2.55444e+08 38.6104 2.26403e-16 
18 14 0 0 0 
19 14 0 0 0 
20 14 0 0 0 
21 14 0 0 0 
22 14 0 0 0 
23 14 0 0 0 
24 14 0 0 0 
25 14 0 0 0 
26 14 0 0 0 
27 14 0 0 0 
0 15 0 0 0 
1 15 0 0 0 
2 15 0 0 0 
3 15 0 0 0 
4 15 0 0 0 
5 15 16879 3.2642e-05 2.30563e-20 
6 15 422778 0.000817602 3.51513e-19 
7 15 3.66596e+06 0.00708954 1.77756e-18 
8 15 1.96793e+07 0.0380575 5.76122e-18 
9 15 8.35047e+07 0.213639 1.79591e-17 
10 15 8.78254e+07 2.50972 1.26412e-16 
11 15 9.36496e+07 21.1136 6.88486e-16 
12 15 8.58074e+07 131.952 2.87911e-15 
13 15 8.51964e+07 953.858 1.34368e-14 
14 15 9.03978e+07 3877.73 3.63571e-14 
15 15 9.093e+07 4908.82 3.34989e-14 
16 15 0 0 0 
17 15 0 0 0 
18 15 0 0 0 
19 15 0 0 0 
20 15 0 0 0 
21 15 0 0 0 
22 15 0 0 0 
23 15 0 0 0 
24 15 0 0 0 
25 15 0 0 0 
26 15 0 0 0 
27 15 0 0 0 
0 16 0 0 0 
1 16 0 0 0 
2 16 0 0 0 
3 16 0 0 0 
4 16 64125 0.00012401 6.55897e-20 
5 16 491824 0.000951129 4.66066e-19 
6 16 6.04825e+06 0.0116966 3.4398e-18 
7 16 4.75262e+07 0.0919101 1.52364e-17 
8 16 1.15697e+08 0.447816 4.2238e-17 
9 16 1.0155e+08 2.33793 1.27455e-16 
10 16 1.06691e+08 26.69 9.03742e-16 
11 16 1.19697e+08 200.933 4.15872e-15 
12 16 1.24037e+08 682.882 9.11855e-15 
13 16 1.14671e+08 1111.69 1.06279e-14 
14 16 6.69128e+07 530.393 3.59305e-15 
15 16 0 0 0 
16 16 0 0 0 
17 16 0 0 0 
18 16 0 0 0 
19 16 0 0 0 
20 16 0 0 0 
21 16 0 0 0 
22 16 0 0 0 
23 16 0 0 0 
24 16 0 0 0 
25 16 0 0 0 
26 16 0 0 0 
27 16 0 0 0 
0 17 0 0 0 
1 17 0 0 0 
2 17 0 0 0 
3 17 0 0 0 
4 17 241106 0.00046627 1.66265e-19 
5 17 1.9784e+06 0.00382599 1.12291e-18 
6 17 2.28654e+07 0.0442189 7.55143e-18 
7 17 1.30336e+08 0.362852 3.71455e-17 
8 17 1.18161e+08 1.68537 1.02788e-16 
9 17 9.9484e+07 7.17826 2.60294e-16 
10 17 9.78902e+07 61.6893 1.40515e-15 
11 17 1.14085e+08 408.477 5.93371e-15 
12 17 21343 2134.3 1.18754e-14 
13 17 2783 278.3 2.2562e-15 
14 17 0 0 0 
15 17 0 0 0 
16 17 0 0 0 
17 17 0 0 0 
18 17 0 0 0 
19 17 0 0 0 
20 17 0 0 0 
21 17 0 0 0 
22 17 0 0 0 
23 17 0 0 0 
24 17 0 0 0 
25 17 0 0 0 
26 17 0 0 0 
27 17 0 0 0 
0 18 0 0 0 
1 18 0 0 0 
2 18 0 0 0 
3 18 0 0 0 
4 18 668765 0.00129331 2.96659e-19 
5 18 8.79518e+06 0.0170088 2.40947e-18 
6 18 1.29564e+08 0.286413 2.49318e-17 
7 18 1.38538e+08 2.34585 1.25582e-16 
8 18 1.2806e+08 9.60968 3.29349e-16 
9 18 1.08906e+08 26.6488 6.09411e-16 
10 18 8.48985e+07 68.4093 1.04871e-15 
11 18 7.84437e+07 174.164 1.96421e-15 
12 18 5371 537.1 2.23689e-15 
13 18 0 0 0 
14 18 0 0 0 
15 18 0 0 0 
16 18 0 0 0 
17 18 0 0 0 
18 18 0 0 0 
19 18 0 0 0 
20 18 0 0 0 
21 18 0 0 0 
22 18 0 0 0 
23 18 0 0 0 
24 18 0 0 0 
25 18 0 0 0 
26 18 0 0 0 
27 18 0 0 0 
0 19 0 0 0 
1 19 0 0 0 
2 19 0 0 0 
3 19 0 0 0 
4 19 0 0 0 
5 19 0 0 0 
6 19 0 0 0 
7 19 0 0 0 
8 19 0 0 0 
9 19 29 2.9 1.87761e-17 
10 19 0 0 0 
11 19 0 0 0 
12 19 0 0 0 
13 19 0 0 0 
14 19 0 0 0 
15 19 0 0 0 
16 19 0 0 0 
17 19 0 0 0 
18 19 0 0 0 
19 19 0 0 0 
20 19 0 0 0 
21 19 0 0 0 
22 19 0 0 0 
23 19 0 0 0 
24 19 0 0 0 
25 19 0 0 0 
26 19 0 0 0 
27 19 0 0 0 
0 20 0 0 0 
1 20 0 0 0 
2 20 0 0 0 
3 20 0 0 0 
4 20 0 0 0 
5 20 0 0 0 
6 20 0 0 0 
7 20 0 0 0 
8 20 0 0 0 
9 20 0 0 0 
10 20 0 0 0 
11 20 0 0 0 
12 20 0 0 0 
13 20 0 0 0 
14 20 0 0 0 
15 20 0 0 0 
16 20 0 0 0 
17 20 0 0 0 
18 20 0 0 0 
19 20 0 0 0 
20 20 0 0 0 
21 20 0 0 0 
22 20 0 0 0 
23 20 0 0 0 
24 20 0 0 0 
25 20 0 0 0 
26 20 0 0 0 
27 20 0 0 0 
