t = 140000000
b = 25 25 25
E = -1.25558115198526 -1.25558115198526 0
-157.11690028219 -367.057753382934 98.5071951303296 0.539967684657486 -0.803504343337684 -0.250630544353812 -0.35706445630265 0.0509727339658111 -0.932687919101228 0 0 0 0 0 0
-156.926037911288 -366.918624875267 98.0328264490313 -0.0337885439546489 -0.999119627947227 -0.0248657062639837 -0.308515806988664 0.0340918549790817 -0.950608090783073 0 0 0 0 0 0
-156.878921429389 -366.977421293173 97.4995071054737 -0.485815719271982 -0.826977736043615 0.283003376298629 -0.311659875355737 -0.13860408447379 -0.940030334542685 0 0 0 0 0 0
-156.821380428451 -367.321346059972 97.1634624266887 -0.950226587247321 0.237046183276619 0.202184420473768 -0.233681845218683 -0.113047036168541 -0.965718987505515 0 0 0 0 0 0
-157.010977100578 -367.647977541939 96.8298907178604 -0.3606610036291 0.925595453618923 -0.114876876268569 -0.197132007838821 -0.196031704709544 -0.960578233271041 0 0 0 0 0 0
-156.406726253113 -367.626813358847 96.1386655478402 -0.488434186654453 0.666846530947954 -0.562803473221225 0.390729126136573 -0.409561093226659 -0.824372768171961 0 0 0 0 0 0
-156.602315896644 -367.993335499464 95.7783326753374 0.0501405766788948 0.925119793206025 -0.376349957870043 0.253151926236091 -0.376290330153161 -0.89124614427003 0 0 0 0 0 0
-156.735977261614 -367.982444132349 95.3230423239435 0.724683452651555 0.687114977726488 -0.0520278851862633 0.244515580236138 -0.327004407294966 -0.912841853023534 0 0 0 0 0 0
-156.740635503927 -367.783778010631 94.8071191486922 0.961794661899166 -0.0359885787824956 0.271396113714746 0.236483973255475 -0.390251424677332 -0.889819732266388 0 0 0 0 0 0
-156.380729805087 -367.707432099025 94.4712434862326 0.160700022632026 -0.909723490391822 0.382855943868441 0.0777340257624221 -0.37502705158129 -0.923748954976957 0 0 0 0 0 0
-156.090516486146 -367.929840751212 94.1715358660876 -0.709135595287926 -0.685441183552811 0.165218314315754 0.023194768202855 -0.256880336319495 -0.966164838700109 0 0 0 0 0 0
-156.056826814994 -368.286546695324 93.7808659171757 -0.974422189969148 0.224002029271997 0.0180135109780724 -0.0671376942462687 -0.213679302155855 -0.97459411338335 0 0 0 0 0 0
-156.273532135005 -368.490841592666 93.3777872868404 -0.410356849778776 0.890998656411328 -0.194238642172083 -0.0614793607779133 -0.239544113879675 -0.968936997799113 0 0 0 0 0 0
-155.590087860361 -367.762998868388 93.0496025508639 -0.084354470507413 0.785158328729242 0.613523204233146 0.156128928878487 -0.597697766910707 0.786372136457807 0 0 0 0 0 0
-155.663796163519 -367.641970444576 92.1527860906382 0.793085953687248 -0.223394607922582 0.56666526205078 -0.142369609221541 -0.972533914528734 -0.18414309506882 0 0 0 0 0 0
-155.420309492246 -368.058583409114 91.9736682549906 0.0703702347957128 -0.262867181527088 0.962262373228206 0.00887045281193931 -0.964450761866724 -0.264113693324685 0 0 0 0 0 0
-155.500692938763 -367.030691055389 91.5622738360382 -0.885374449511861 -0.0197071351196399 -0.464460668923601 -0.440089869252704 -0.286363007286286 0.851068231717701 0 0 0 0 0 0
-155.151202446837 -367.76876478491 90.4732340885172 0.537943285389544 -0.134419766928716 -0.832194897823299 0.00545915486303185 -0.986628563275514 0.162893449091981 0 0 0 0 0 0
-155.271632008923 -368.297533925783 90.2410864842579 0.977352423729514 0.0816406540534639 -0.195235866161358 0.127954625091918 -0.962818215861277 0.237925822733265 0 0 0 0 0 0
-155.162542049795 -368.815884110819 90.1168298129203 0.896669781210159 0.353280581331422 0.266788557323298 0.281151021526894 -0.919941711026305 0.273242294325675 0 0 0 0 0 0
-154.83007801525 -369.273306176548 89.9818154597016 0.322192890587617 0.483645971016432 0.813804838996658 0.105302495470531 -0.87262123097523 0.476910444107653 0 0 0 0 0 0
-155.782087461019 -371.730645303021 79.5410357493721 0.967600418738016 0.129785051905112 0.216576245142529 -0.248756810443812 0.343135440823142 0.905747270770899 0 0 0 0 0 0
-155.712664469776 -371.824955297102 80.1531911843594 0.675696025710297 0.729358525563637 -0.107102857230457 -0.0257661428675177 0.168564945021459 0.985353725923666 0 0 0 0 0 0
-155.53286303647 -371.909096294596 80.5562671829974 -0.0998352960144273 0.959679228192827 -0.262771179250936 0.00514151893335114 0.264584623644197 0.964348765599932 0 0 0 0 0 0
-155.200795773055 -371.5966742176 80.9161897647014 -0.826603779405821 0.552238932777465 -0.108435939599477 0.0136619637367775 0.212311186916244 0.977106601480651 0 0 0 0 0 0
-155.148632051067 -371.293313502692 81.3292198443662 -0.971543900452479 0.0538715416255619 -0.230651916307829 -0.203939752206501 0.304992261983762 0.930262488548251 0 0 0 0 0 0
-155.215095030334 -370.827958237783 81.5822557890018 -0.871355412109913 -0.487093562904931 -0.0589881917279119 -0.214233020601022 0.269540911041931 0.938856703740701 0 0 0 0 0 0
-155.644279222528 -370.553563898914 81.8583532590136 -0.237221583507121 -0.959835627798279 0.149804832790746 -0.282033425396002 0.215611310585746 0.934863043288633 0 0 0 0 0 0
-156.151320048352 -370.491373705426 82.0976094186979 0.273015001514027 -0.905480715575778 0.324911499748259 -0.324032827715342 0.231450993151132 0.917296661027483 0 0 0 0 0 0
-156.494100074586 -370.543919572786 82.4560893574055 0.722131779039738 -0.600093208430539 0.344113113520011 -0.367071765508808 0.0892218718039536 0.925903762039047 0 0 0 0 0 0
-156.68345302758 -370.762822545025 82.9985883755578 0.972228742782935 0.11604658879468 0.203234989447752 -0.22445243532499 0.216430682836947 0.950146759086934 0 0 0 0 0 0
-156.613141555131 -370.915844813971 83.5212720078209 0.910128414302932 0.391631575206185 -0.135244145085579 0.101609040399456 0.105477995844578 0.989216859592329 0 0 0 0 0 0
-156.433950772061 -371.018159579621 83.9821260555644 0.537399669572265 0.805126971805819 -0.250942532095319 0.0533273934075071 0.264523912803255 0.962903571842791 0 0 0 0 0 0
-156.093717950504 -370.963880441545 84.47955602032 -0.0845621450947428 0.945501800388481 -0.314444890368924 0.336040450191637 0.3241486331568 0.884310171522172 0 0 0 0 0 0
-155.64943269293 -370.783861583579 84.6966109377667 -0.62000183892774 0.764118447094623 -0.1781031120894 0.496523290862615 0.557878685850235 0.665008265741832 0 0 0 0 0 0
-155.293936946022 -370.409699149617 84.8267878964206 -0.86213521533372 0.496889338781889 0.099115364532387 0.425264384467012 0.603280214427952 0.674687472970752 0 0 0 0 0 0
-155.148172523372 -369.979068826727 84.9578106618882 -0.818572254554441 -0.0177607313198012 0.574128923236449 0.411467535467621 0.679288157361524 0.607669372705744 0 0 0 0 0 0
-155.071705134304 -369.456728236574 85.2127719797855 -0.616328637244962 -0.502985922693877 0.605924229985523 0.296022576292619 0.565025388844354 0.77014086002909 0 0 0 0 0 0
-155.124054472785 -369.079447692417 85.622548616566 -0.268123521716179 -0.824824039548213 0.497770108469658 0.143161919810372 0.476838720085414 0.867253999554645 0 0 0 0 0 0
-155.378988149607 -368.901915647026 86.1148803207771 0.449661234707877 -0.851568646033336 0.26950995360827 0.354544628769237 0.447115198435403 0.82121014700194 0 0 0 0 0 0
-155.393677818014 -368.829181896793 86.6622554467911 0.782966706195347 -0.609751987611038 -0.123148896032394 0.294380576531175 0.188794068759104 0.936854778374186 0 0 0 0 0 0
-155.238706845837 -369.001099795307 87.0931466874789 0.87129577687265 0.166356260135746 -0.46170257083705 0.420293837692754 0.232774412328262 0.877022897627376 0 0 0 0 0 0
-154.912576457525 -368.961917266712 87.5857228018846 0.589592824473776 0.354026236763233 -0.725979149158073 0.64145864994115 0.340963115801249 0.687222637926597 0 0 0 0 0 0
-154.457899160609 -368.899797431834 87.9172349228323 0.293470811547728 0.275833728688659 -0.915309039006626 0.826081622649013 0.408689498768718 0.388023254867232 0 0 0 0 0 0
-154.028882010114 -369.066814510534 87.9533334484741 0.0728001841467346 0.885738157303565 -0.458440890284296 0.808682597703622 0.21660509789443 0.546913784556087 0 0 0 0 0 0
-153.462819119686 -368.953608777615 87.9077729442252 -0.291994264398158 0.956050135271382 -0.026598654216738 0.71038504078758 0.235417092283893 0.663273613590825 0 0 0 0 0 0
-153.074306441724 -368.731083138604 87.8626733066887 -0.511655298027459 0.603603650671361 0.611450315967422 0.853173791236761 0.272857950017918 0.444570603007791 0 0 0 0 0 0
-152.810153534064 -368.375115551107 87.8663747729587 -0.380220040249023 -0.0912218575167592 0.920386491482899 0.897682581085934 0.203220616927877 0.390982562872502 0 0 0 0 0 0
-154.282745373605 -368.795206233764 90.9241655410202 -0.480208189956636 -0.326824322451992 -0.813993830782742 0.00903922021122767 0.926100517806018 -0.377168561014064 0 0 0 0 0 0
-154.109616978617 -368.461532568705 90.4724599772808 -0.909871667364964 -0.28019606364233 -0.305979925560202 -0.099917918327368 0.863776133254731 -0.493869619653474 0 0 0 0 0 0
-154.105618502339 -368.264911916398 90.0034478474526 -0.976447666397276 0.000125386500580601 0.215754348891366 -0.137602708549776 0.76986085229607 -0.623201221678656 0 0 0 0 0 0
-154.322637000662 -368.149716834681 89.600118584462 -0.518698000824912 0.466835467909384 0.716252071439992 -0.132796573731643 0.783603454920037 -0.606902541964127 0 0 0 0 0 0
-153.750971445087 -367.953961771088 88.5157378842654 0.646501770281002 -0.525139623676078 -0.553411091927968 -0.665811085725178 -0.0342219808379231 -0.745335128752821 0 0 0 0 0 0
-153.870019496847 -367.876737155592 88.0307724489916 0.2912077643878 -0.956069229269387 -0.0336105162781538 -0.670991787298232 -0.179082009288378 -0.719513485160329 0 0 0 0 0 0
-153.979884526596 -367.91441603711 87.5244264196483 -0.125660143278911 -0.934224738960646 0.333816814293433 -0.591568416584016 -0.199556444436812 -0.781168377485942 0 0 0 0 0 0
-154.254948828467 -368.143110270348 87.0487190822319 0.171308544703148 -0.780040134024598 0.601822874127081 -0.609753196399513 -0.563748689635528 -0.557125169432155 0 0 0 0 0 0
-154.16097441524 -368.555491083502 86.7298902960235 -0.648156609729567 -0.341807376881968 0.680485654788489 -0.425244799641845 -0.578831120366528 -0.695788325910105 0 0 0 0 0 0
-154.22113796319 -369.046318407892 86.5142152289491 -0.819598748446146 0.168219689314844 0.54768606671373 -0.495635885694509 -0.68770200193706 -0.530481880315983 0 0 0 0 0 0
-154.45285960041 -369.546771674437 86.5619938034281 -0.809094361173569 0.587552456161083 -0.0121830199959311 -0.396816518928512 -0.561496102022026 -0.726125869060953 0 0 0 0 0 0
-154.888863033367 -369.956661491522 86.3452525020246 -0.507997359288176 0.861291782537195 0.0107307171309655 -0.60276563378117 -0.346561874231327 -0.718726970456544 0 0 0 0 0 0
-155.349742445037 -370.067685367226 86.2091714157271 0.111674711345508 0.879235593181522 -0.463112870182435 -0.586201091357648 -0.318024590133506 -0.745136658983782 0 0 0 0 0 0
-155.824548841149 -370.075571093008 85.9546733433466 0.587286980527343 0.486457137662056 -0.646879784597351 -0.579779296055975 -0.304830277481981 -0.755602057828784 0 0 0 0 0 0
-156.179594210762 -369.988105116084 85.534590621336 0.897372395121072 0.0191766666507329 -0.440857164998865 -0.405418119846435 -0.35865065184721 -0.840836403844268 0 0 0 0 0 0
-156.371013324211 -369.888249984527 85.0342224358633 0.884057939626846 -0.403228733526576 -0.236322127278205 -0.399180612444105 -0.388431634780577 -0.830527364841429 0 0 0 0 0 0
-156.3669870852 -369.888907412595 84.5212857187366 0.652776733653793 -0.750163097876619 0.105536072432382 -0.139744107721429 -0.256163913266135 -0.956478768137236 0 0 0 0 0 0
-156.074747988843 -369.844303996369 84.107634091193 0.0039852277813816 -0.975120146895021 0.221641189942135 0.118102748957489 -0.219632766979129 -0.968407552819459 0 0 0 0 0 0
-155.772083348454 -370.019020727775 83.7158052137297 -0.61484925979512 -0.766049473229227 0.187426231607609 0.045540790554493 -0.271747181319041 -0.96129054184509 0 0 0 0 0 0
-155.564098650888 -370.312373003986 83.3478780366123 -0.890653458000082 -0.439827142299985 0.115275767829751 0.0695186086862059 -0.382276236628907 -0.921429347240033 0 0 0 0 0 0
-155.474132322461 -370.717433947702 83.094806400124 -0.993822422534574 0.108388387408194 -0.0238526716023724 -0.0322730963273474 -0.487881786679289 -0.872312908009545 0 0 0 0 0 0
-155.625470479668 -371.202348617728 82.9095910816407 -0.73414312599073 0.535700921008222 -0.417203060620958 0.0429461217980161 -0.576577140301785 -0.815913250231866 0 0 0 0 0 0
-155.872698730926 -371.581797681579 82.4762811930846 -0.268686793874571 0.917004529896125 -0.294805188128326 0.105784826569797 -0.276116379104436 -0.955284939511692 0 0 0 0 0 0
-156.062555017663 -371.648439879271 82.0140878425959 0.354938345798729 0.925305454568464 -0.133523729829201 0.113192364470467 -0.184306089744255 -0.976329224139464 0 0 0 0 0 0
-156.263575439051 -371.526591193276 81.509061892782 0.731918640185776 0.667713031637452 0.135847015168366 0.158263952057342 0.02732789782907 -0.9870185953058 0 0 0 0 0 0
-156.317945188874 -371.25881732122 81.140706285285 0.98131991437407 0.14554323809733 0.125810935522349 0.101675656130219 0.162805123905383 -0.981405396653509 0 0 0 0 0 0
-156.199952196791 -370.944447091351 80.7258452825802 0.836126359117792 -0.526671642497759 0.153328707609278 0.158763194815703 -0.0352052942353367 -0.986688823910405 0 0 0 0 0 0
-155.803869745121 -370.794920972433 80.2619857936827 0.199469721012438 -0.943513560837624 0.264563774758967 0.0638505333189883 -0.256900950187144 -0.964326195427573 0 0 0 0 0 0
-155.472273720322 -370.896804545863 79.9847439465429 -0.579709943832924 -0.812617001027198 -0.0599165307973651 0.264466649158546 -0.118094530119969 -0.957136914677623 0 0 0 0 0 0
-155.23527804944 -371.102005529297 79.6340300642216 -0.88950968134704 -0.436898400703231 -0.133762155532955 0.342905780825635 -0.444834489542141 -0.827368057390505 0 0 0 0 0 0
