0 0 0.000000 
0 1 0.000000 
0 2 0.000000 
0 3 0.000000 
0 4 0.000000 
0 5 0.000000 
0 6 0.000000 
0 7 0.000000 
0 8 0.000000 
0 9 0.000000 
0 10 0.000000 
0 11 0.000000 
0 12 0.000000 
0 13 0.000000 
0 14 0.000000 
0 15 0.000000 
0 16 0.000000 
0 17 0.000000 
0 18 0.000000 
0 19 0.000000 
0 20 0.000000 
1 0 0.000000 
1 1 0.000000 
1 2 0.000000 
1 3 0.000000 
1 4 0.000000 
1 5 0.000000 
1 6 0.000000 
1 7 0.000000 
1 8 0.000000 
1 9 0.000000 
1 10 0.000000 
1 11 0.000000 
1 12 0.000000 
1 13 0.000000 
1 14 0.000000 
1 15 0.000000 
1 16 0.000000 
1 17 0.000000 
1 18 0.000000 
1 19 0.000000 
1 20 0.000000 
2 0 0.000000 
2 1 0.000000 
2 2 0.000000 
2 3 0.000000 
2 4 0.000000 
2 5 0.000000 
2 6 0.000000 
2 7 0.000000 
2 8 0.000000 
2 9 0.000000 
2 10 0.000000 
2 11 0.000000 
2 12 0.000000 
2 13 0.000000 
2 14 0.000000 
2 15 0.000000 
2 16 0.000000 
2 17 0.000000 
2 18 0.000000 
2 19 0.000000 
2 20 0.000000 
3 0 0.000000 
3 1 0.000000 
3 2 0.000000 
3 3 0.000000 
3 4 0.000000 
3 5 0.000000 
3 6 0.000000 
3 7 0.000000 
3 8 0.000000 
3 9 0.000000 
3 10 0.000000 
3 11 0.000000 
3 12 0.000000 
3 13 0.000000 
3 14 0.000000 
3 15 0.000000 
3 16 0.000000 
3 17 0.000000 
3 18 0.000000 
3 19 0.000000 
3 20 0.000000 
4 0 0.000000 
4 1 0.010000 
4 2 0.010000 
4 3 0.010000 
4 4 0.010000 
4 5 0.010000 
4 6 0.010000 
4 7 0.010000 
4 8 0.010000 
4 9 0.010000 
4 10 0.010000 
4 11 0.010000 
4 12 0.010000 
4 13 1000000000 
4 14 1000000000 
4 15 1000000000 
4 16 1000000000 
4 17 1000000000.000000 
4 18 1000000000 
4 19 0.010000 
4 20 0.010000 
5 0 0.000000 
5 1 0.010000 
5 2 0.010000 
5 3 0.010000 
5 4 0.010000 
5 5 0.010000 
5 6 0.010000 
5 7 0.010000 
5 8 0.010000 
5 9 0.010000 
5 10 0.010000 
5 11 0.010000 
5 12 0.010000 
5 13 0.010000 
5 14 0.010000 
5 15 100000000000 
5 16 100000000000.000000 
5 17 100000000000.000000 
5 18 1000000000 
5 19 0.010000 
5 20 0.010000 
6 0 0.000000 
6 1 0.010000 
6 2 0.010000 
6 3 0.010000 
6 4 0.010000 
6 5 0.010000 
6 6 0.010000 
6 7 0.010000 
6 8 0.010000 
6 9 0.010000 
6 10 0.010000 
6 11 0.010000 
6 12 0.010000 
6 13 0.010000 
6 14 0.010000 
6 15 100000000000 
6 16 100000000000.000000 
6 17 100000000000.000000 
6 18 100000000000.000000 
6 19 0.010000 
6 20 0.010000 
7 0 0.000000 
7 1 0.010000 
7 2 0.010000 
7 3 0.010000 
7 4 0.010000 
7 5 0.010000 
7 6 0.010000 
7 7 0.010000 
7 8 0.010000 
7 9 0.010000 
7 10 0.010000 
7 11 0.010000 
7 12 0.010000 
7 13 0.010000 
7 14 10000000000 
7 15 10000000000 
7 16 10000000000.000000 
7 17 10000000000.000000 
7 18 10000000000.000000 
7 19 0.010000 
7 20 0.010000 
8 0 0.000000 
8 1 0.010000 
8 2 0.010000 
8 3 0.010000 
8 4 0.010000 
8 5 0.010000 
8 6 0.010000 
8 7 0.010000 
8 8 0.010000 
8 9 0.010000 
8 10 0.010000 
8 11 0.010000 
8 12 0.010000 
8 13 0.010000 
8 14 100000000 
8 15 100000000 
8 16 445506529.744505 
8 17 165669874.472065 
8 18 609812926.274765 
8 19 0.010000 
8 20 0.010000 
9 0 0.000000 
9 1 0.010000 
9 2 0.010000 
9 3 0.010000 
9 4 0.010000 
9 5 0.010000 
9 6 0.010000 
9 7 0.010000 
9 8 0.010000 
9 9 0.010000 
9 10 0.010000 
9 11 0.010000 
9 12 0.010000 
9 13 0.010000 
9 14 0.010000 
9 15 522460204.537823 
9 16 39698653.886814 
9 17 16066658.680175 
9 18 36167452.360742 
9 19 0.010000 
9 20 0.010000 
10 0 0.000000 
10 1 0.010000 
10 2 0.010000 
10 3 0.010000 
10 4 0.010000 
10 5 0.010000 
10 6 0.010000 
10 7 0.010000 
10 8 0.010000 
10 9 0.010000 
10 10 0.010000 
10 11 0.010000 
10 12 0.010000 
10 13 0.010000 
10 14 0.010000 
10 15 0.010000 
10 16 2539986.703317 
10 17 1308666.762696 
10 18 3921477.741700 
10 19 0.010000 
10 20 0.010000 
11 0 0.000000 
11 1 0.010000 
11 2 0.010000 
11 3 0.010000 
11 4 0.010000 
11 5 0.010000 
11 6 0.010000 
11 7 0.010000 
11 8 0.010000 
11 9 0.010000 
11 10 0.010000 
11 11 0.010000 
11 12 0.010000 
11 13 0.010000 
11 14 0.010000 
11 15 1939549.879033 
11 16 315363.439545 
11 17 181323.216976 
11 18 441991.899073 
11 19 0.010000 
11 20 0.010000 
12 0 0.000000 
12 1 0.010000 
12 2 0.010000 
12 3 0.010000 
12 4 0.010000 
12 5 0.010000 
12 6 0.010000 
12 7 0.010000 
12 8 0.010000 
12 9 0.010000 
12 10 0.100000 
12 11 0.010000 
12 12 0.010000 
12 13 293683.107404 
12 14 473411.162194 
12 15 230640.327591 
12 16 66066.488232 
12 17 55489.529296 
12 18 256937.554167 
12 19 0.010000 
12 20 0.010000 
13 0 0.000000 
13 1 0.010000 
13 2 0.010000 
13 3 0.010000 
13 4 0.010000 
13 5 0.010000 
13 6 0.010000 
13 7 0.010000 
13 8 0.010000 
13 9 0.100000 
13 10 0.100000 
13 11 172574.816176 
13 12 49593.608030 
13 13 35496.144441 
13 14 30182.805874 
13 15 36124.560311 
13 16 33184.168286 
13 17 56574.973736 
13 18 0.010000 
13 19 0.010000 
13 20 0.010000 
14 0 0.000000 
14 1 0.010000 
14 2 0.010000 
14 3 0.010000 
14 4 0.010000 
14 5 0.010000 
14 6 0.010000 
14 7 0.010000 
14 8 0.010000 
14 9 0.100000 
14 10 3472.133391 
14 11 4236.302513 
14 12 3934.753764 
14 13 4445.579666 
14 14 4706.176936 
14 15 10953.249140 
14 16 39720.343451 
14 17 3571948.919634 
14 18 0.010000 
14 19 0.010000 
14 20 0.010000 
15 0 0.000000 
15 1 0.010000 
15 2 0.010000 
15 3 0.010000 
15 4 0.010000 
15 5 0.010000 
15 6 0.010000 
15 7 0.010000 
15 8 0.100000 
15 9 4233.437049 
15 10 1051.024932 
15 11 621.630062 
15 12 663.836778 
15 13 1225.615262 
15 14 1785.217113 
15 15 8873.677694 
15 16 23689101.782305 
15 17 0.010000 
15 18 0.010000 
15 19 0.010000 
15 20 0.010000 
16 0 0.000000 
16 1 0.010000 
16 2 0.010000 
16 3 0.010000 
16 4 0.010000 
16 5 0.010000 
16 6 0.010000 
16 7 0.100000 
16 8 14560.414620 
16 9 557.361675 
16 10 178.158874 
16 11 125.859384 
16 12 167.467927 
16 13 698.969571 
16 14 1937.547911 
16 15 17448430.743306 
16 16 0.010000 
16 17 0.010000 
16 18 0.010000 
16 19 0.010000 
16 20 0.010000 
17 0 0.000000 
17 1 0.010000 
17 2 0.010000 
17 3 0.010000 
17 4 0.010000 
17 5 0.010000 
17 6 0.100000 
17 7 7333.856730 
17 8 1181.236002 
17 9 121.746533 
17 10 46.558430 
17 11 42.063336 
17 12 75.085398 
17 13 988.455447 
17 14 394659.358713 
17 15 0.010000 
17 16 0.010000 
17 17 0.010000 
17 18 0.010000 
17 19 0.010000 
17 20 0.010000 
18 0 0.000000 
18 1 0.010000 
18 2 0.010000 
18 3 0.010000 
18 4 0.010000 
18 5 0.100000 
18 6 9469.826166 
18 7 1427.908498 
18 8 187.012256 
18 9 35.210388 
18 10 18.020051 
18 11 26.715948 
18 12 82.073000 
18 13 360488.968075 
18 14 0.010000 
18 15 0.010000 
18 16 0.010000 
18 17 0.010000 
18 18 0.010000 
18 19 0.010000 
18 20 0.010000 
19 0 0.000000 
19 1 0.010000 
19 2 0.010000 
19 3 0.010000 
19 4 0.010000 
19 5 1843.183335 
19 6 512.167804 
19 7 163.634754 
19 8 27.405133 
19 9 10.578866 
19 10 10.409633 
19 11 43.288500 
19 12 47246.015975 
19 13 0.010000 
19 14 0.010000 
19 15 0.010000 
19 16 0.010000 
19 17 0.010000 
19 18 0.010000 
19 19 0.010000 
19 20 0.010000 
20 0 0.000000 
20 1 0.100000 
20 2 0.100000 
20 3 0.100000 
20 4 3704.306138 
20 5 293.551790 
20 6 77.881649 
20 7 19.633768 
20 8 5.434078 
20 9 4.104427 
20 10 12.841012 
20 11 5487.491520 
20 12 0.010000 
20 13 0.010000 
20 14 0.010000 
20 15 0.010000 
20 16 0.010000 
20 17 0.010000 
20 18 0.010000 
20 19 0.010000 
20 20 0.010000 
21 0 0.000000 
21 1 0.100000 
21 2 0.100000 
21 3 368.077813 
21 4 340.447205 
21 5 30.412322 
21 6 10.096168 
21 7 3.980656 
21 8 2.213536 
21 9 3.789037 
21 10 1575.204180 
21 11 0.010000 
21 12 0.010000 
21 13 0.010000 
21 14 0.010000 
21 15 0.010000 
21 16 0.010000 
21 17 0.010000 
21 18 0.010000 
21 19 0.010000 
21 20 0.010000 
22 0 0.000000 
22 1 0.100000 
22 2 24.874419 
22 3 23.169741 
22 4 28.948664 
22 5 4.800977 
22 6 2.083450 
22 7 1.989465 
22 8 2.718477 
22 9 349.752930 
22 10 0.010000 
22 11 0.010000 
22 12 0.010000 
22 13 0.010000 
22 14 0.010000 
22 15 0.010000 
22 16 0.010000 
22 17 0.010000 
22 18 0.010000 
22 19 0.010000 
22 20 0.010000 
23 0 0.000000 
23 1 3.822575 
23 2 1.629460 
23 3 1.438673 
23 4 2.703465 
23 5 1.473176 
23 6 1.000000 
23 7 2.723299 
23 8 1580.188853 
23 9 0.010000 
23 10 0.010000 
23 11 0.010000 
23 12 0.010000 
23 13 0.010000 
23 14 0.010000 
23 15 0.010000 
23 16 0.010000 
23 17 0.010000 
23 18 0.010000 
23 19 0.010000 
23 20 0.010000 
24 0 0.000000 
24 1 0.000000 
24 2 0.000000 
24 3 0.000000 
24 4 0.000000 
24 5 0.000000 
24 6 0.000000 
24 7 0.000000 
24 8 0.000000 
24 9 0.000000 
24 10 0.000000 
24 11 0.000000 
24 12 0.000000 
24 13 0.000000 
24 14 0.000000 
24 15 0.000000 
24 16 0.000000 
24 17 0.000000 
24 18 0.000000 
24 19 0.000000 
24 20 0.000000 
25 0 0.000000 
25 1 0.000000 
25 2 0.000000 
25 3 0.000000 
25 4 0.000000 
25 5 0.000000 
25 6 0.000000 
25 7 0.000000 
25 8 0.000000 
25 9 0.000000 
25 10 0.000000 
25 11 0.000000 
25 12 0.000000 
25 13 0.000000 
25 14 0.000000 
25 15 0.000000 
25 16 0.000000 
25 17 0.000000 
25 18 0.000000 
25 19 0.000000 
25 20 0.000000 
26 0 0.000000 
26 1 0.000000 
26 2 0.000000 
26 3 0.000000 
26 4 0.000000 
26 5 0.000000 
26 6 0.000000 
26 7 0.000000 
26 8 0.000000 
26 9 0.000000 
26 10 0.000000 
26 11 0.000000 
26 12 0.000000 
26 13 0.000000 
26 14 0.000000 
26 15 0.000000 
26 16 0.000000 
26 17 0.000000 
26 18 0.000000 
26 19 0.000000 
26 20 0.000000 
27 0 0.000000 
27 1 0.000000 
27 2 0.000000 
27 3 0.000000 
27 4 0.000000 
27 5 0.000000 
27 6 0.000000 
27 7 0.000000 
27 8 0.000000 
27 9 0.000000 
27 10 0.000000 
27 11 0.000000 
27 12 0.000000 
27 13 0.000000 
27 14 0.000000 
27 15 0.000000 
27 16 0.000000 
27 17 0.000000 
27 18 0.000000 
27 19 0.000000 
27 20 0.000000 
