0 0 0.000000 
0 1 0.000000 
0 2 0.000000 
0 3 0.000000 
0 4 0.000000 
0 5 0.000000 
0 6 0.000000 
0 7 0.000000 
0 8 0.000000 
0 9 0.000000 
0 10 0.000000 
0 11 0.000000 
0 12 0.000000 
0 13 0.000000 
0 14 0.000000 
0 15 0.000000 
0 16 0.000000 
0 17 0.000000 
0 18 0.000000 
0 19 0.000000 
0 20 0.000000 
1 0 0.000000 
1 1 0.000000 
1 2 0.000000 
1 3 0.000000 
1 4 0.000000 
1 5 0.000000 
1 6 0.000000 
1 7 0.000000 
1 8 0.000000 
1 9 0.000000 
1 10 0.000000 
1 11 0.000000 
1 12 0.000000 
1 13 0.000000 
1 14 0.000000 
1 15 0.000000 
1 16 0.000000 
1 17 0.000000 
1 18 0.000000 
1 19 0.000000 
1 20 0.000000 
2 0 0.000000 
2 1 0.000000 
2 2 0.000000 
2 3 0.000000 
2 4 0.000000 
2 5 0.000000 
2 6 0.000000 
2 7 0.000000 
2 8 0.000000 
2 9 0.000000 
2 10 0.000000 
2 11 0.000000 
2 12 0.000000 
2 13 0.000000 
2 14 0.000000 
2 15 0.000000 
2 16 0.000000 
2 17 0.000000 
2 18 0.000000 
2 19 0.000000 
2 20 0.000000 
3 0 0.000000 
3 1 0.000000 
3 2 0.000000 
3 3 0.000000 
3 4 0.000000 
3 5 0.000000 
3 6 0.000000 
3 7 0.000000 
3 8 0.000000 
3 9 0.000000 
3 10 0.000000 
3 11 0.000000 
3 12 0.000000 
3 13 0.000000 
3 14 0.000000 
3 15 0.000000 
3 16 0.000000 
3 17 0.000000 
3 18 0.000000 
3 19 0.000000 
3 20 0.000000 
4 0 0.000000 
4 1 10.000000 
4 2 10.000000 
4 3 10.000000 
4 4 10.000000 
4 5 10.000000 
4 6 10.000000 
4 7 10.000000 
4 8 10.000000 
4 9 10.000000 
4 10 10.000000 
4 11 10.000000 
4 12 10.000000 
4 13 10.000000 
4 14 10.000000 
4 15 10.000000 
4 16 517094809.432215 
4 17 517094809.432215 
4 18 517094809.432215 
4 19 10.000000 
4 20 10.000000 
5 0 0.000000 
5 1 10.000000 
5 2 10.000000 
5 3 10.000000 
5 4 10.000000 
5 5 10.000000 
5 6 10.000000 
5 7 10.000000 
5 8 10.000000 
5 9 10.000000 
5 10 10.000000 
5 11 10.000000 
5 12 10.000000 
5 13 10.000000 
5 14 10.000000 
5 15 517094809.432215 
5 16 517094809.432215 
5 17 517094809.432215 
5 18 517094809.432215 
5 19 10.000000 
5 20 10.000000 
6 0 0.000000 
6 1 10.000000 
6 2 10.000000 
6 3 10.000000 
6 4 10.000000 
6 5 10.000000 
6 6 10.000000 
6 7 10.000000 
6 8 10.000000 
6 9 10.000000 
6 10 10.000000 
6 11 10.000000 
6 12 10.000000 
6 13 517094809.432215 
6 14 517094809.432215 
6 15 517094809.432215 
6 16 517094809.432215 
6 17 517094809.432215 
6 18 452367757.364305 
6 19 10.000000 
6 20 10.000000 
7 0 0.000000 
7 1 10.000000 
7 2 10.000000 
7 3 10.000000 
7 4 10.000000 
7 5 10.000000 
7 6 10.000000 
7 7 10.000000 
7 8 10.000000 
7 9 10.000000 
7 10 10.000000 
7 11 10.000000 
7 12 10.000000 
7 13 517094809.432215 
7 14 517094809.432215 
7 15 517094809.432215 
7 16 517094809.432215 
7 17 359200157.016284 
7 18 59056598.230220 
7 19 10.000000 
7 20 10.000000 
8 0 0.000000 
8 1 10.000000 
8 2 10.000000 
8 3 10.000000 
8 4 10.000000 
8 5 10.000000 
8 6 10.000000 
8 7 10.000000 
8 8 10.000000 
8 9 10.000000 
8 10 10.000000 
8 11 10.000000 
8 12 10.000000 
8 13 10.000000 
8 14 517094809.432215 
8 15 517094809.432215 
8 16 258357885.908738 
8 17 70109760.230100 
8 18 13326112.041047 
8 19 10.000000 
8 20 10.000000 
9 0 0.000000 
9 1 10.000000 
9 2 10.000000 
9 3 10.000000 
9 4 10.000000 
9 5 10.000000 
9 6 10.000000 
9 7 10.000000 
9 8 10.000000 
9 9 10.000000 
9 10 10.000000 
9 11 10.000000 
9 12 10.000000 
9 13 517094809.432215 
9 14 517094809.432215 
9 15 390867668.025890 
9 16 43435949.429313 
9 17 13859078.577503 
9 18 4086699.218041 
9 19 10.000000 
9 20 10.000000 
10 0 0.000000 
10 1 10.000000 
10 2 10.000000 
10 3 10.000000 
10 4 10.000000 
10 5 10.000000 
10 6 10.000000 
10 7 10.000000 
10 8 10.000000 
10 9 10.000000 
10 10 10.000000 
10 11 10.000000 
10 12 10.000000 
10 13 10.000000 
10 14 156951176.696701 
10 15 34994027.915273 
10 16 3997416.628299 
10 17 1586826.050462 
10 18 1241037.294249 
10 19 10.000000 
10 20 10.000000 
11 0 0.000000 
11 1 10.000000 
11 2 10.000000 
11 3 10.000000 
11 4 10.000000 
11 5 10.000000 
11 6 10.000000 
11 7 10.000000 
11 8 10.000000 
11 9 10.000000 
11 10 10.000000 
11 11 10.000000 
11 12 10.000000 
11 13 10.000000 
11 14 10.000000 
11 15 4435515.877062 
11 16 595706.104136 
11 17 279294.522250 
11 18 450401.969681 
11 19 10.000000 
11 20 10.000000 
12 0 0.000000 
12 1 10.000000 
12 2 10.000000 
12 3 10.000000 
12 4 10.000000 
12 5 10.000000 
12 6 10.000000 
12 7 10.000000 
12 8 10.000000 
12 9 10.000000 
12 10 10.000000 
12 11 10.000000 
12 12 10.000000 
12 13 1807830.598529 
12 14 1300167.152634 
12 15 650289.947910 
12 16 181637.088128 
12 17 10.000000 
12 18 10.000000 
12 19 10.000000 
12 20 10.000000 
13 0 0.000000 
13 1 10.000000 
13 2 10.000000 
13 3 10.000000 
13 4 10.000000 
13 5 10.000000 
13 6 10.000000 
13 7 10.000000 
13 8 10.000000 
13 9 10.000000 
13 10 10.000000 
13 11 90547.149104 
13 12 79609.830080 
13 13 102203.285455 
13 14 84924.569194 
13 15 89317.721023 
13 16 103149.478188 
13 17 10.000000 
13 18 10.000000 
13 19 10.000000 
13 20 10.000000 
14 0 0.000000 
14 1 10.000000 
14 2 10.000000 
14 3 10.000000 
14 4 10.000000 
14 5 10.000000 
14 6 10.000000 
14 7 10.000000 
14 8 10.000000 
14 9 10.000000 
14 10 12607.518976 
14 11 7649.653769 
14 12 7383.990087 
14 13 12763.887254 
14 14 13906.182055 
14 15 23312.039235 
14 16 126156.998727 
14 17 10.000000 
14 18 10.000000 
14 19 10.000000 
14 20 10.000000 
15 0 0.000000 
15 1 10.000000 
15 2 10.000000 
15 3 10.000000 
15 4 10.000000 
15 5 10.000000 
15 6 10.000000 
15 7 10.000000 
15 8 10.000000 
15 9 4871.583041 
15 10 1515.968341 
15 11 950.818661 
15 12 1100.290240 
15 13 3292.215348 
15 14 5877.468707 
15 15 18523.793983 
15 16 10.000000 
15 17 10.000000 
15 18 10.000000 
15 19 10.000000 
15 20 10.000000 
16 0 0.000000 
16 1 10.000000 
16 2 10.000000 
16 3 10.000000 
16 4 10.000000 
16 5 10.000000 
16 6 10.000000 
16 7 10.000000 
16 8 7018.766269 
16 9 759.945142 
16 10 250.400936 
16 11 184.405202 
16 12 268.000621 
16 13 1791.175007 
16 14 7329.608323 
16 15 10.000000 
16 16 10.000000 
16 17 10.000000 
16 18 10.000000 
16 19 10.000000 
16 20 10.000000 
17 0 0.000000 
17 1 10.000000 
17 2 10.000000 
17 3 10.000000 
17 4 10.000000 
17 5 10.000000 
17 6 10.000000 
17 7 9790.372471 
17 8 1196.158384 
17 9 164.108353 
17 10 66.064719 
17 11 60.695668 
17 12 117.342550 
17 13 2534.938759 
17 14 6615947.663987 
17 15 10.000000 
17 16 10.000000 
17 17 10.000000 
17 18 10.000000 
17 19 10.000000 
17 20 10.000000 
18 0 0.000000 
18 1 10.000000 
18 2 10.000000 
18 3 10.000000 
18 4 10.000000 
18 5 57683.519772 
18 6 6031.520092 
18 7 1008.814375 
18 8 181.780152 
18 9 45.762787 
18 10 25.631298 
18 11 39.513492 
18 12 123.204113 
18 13 10.000000 
18 14 10.000000 
18 15 10.000000 
18 16 10.000000 
18 17 10.000000 
18 18 10.000000 
18 19 10.000000 
18 20 10.000000 
19 0 0.000000 
19 1 10.000000 
19 2 10.000000 
19 3 10.000000 
19 4 114534.753409 
19 5 4259.064002 
19 6 541.097150 
19 7 90.767969 
19 8 20.245378 
19 9 11.534947 
19 10 16.330743 
19 11 63.104438 
19 12 124647.701057 
19 13 10.000000 
19 14 10.000000 
19 15 10.000000 
19 16 10.000000 
19 17 10.000000 
19 18 10.000000 
19 19 10.000000 
19 20 10.000000 
20 0 0.000000 
20 1 10.000000 
20 2 10.000000 
20 3 29568.634969 
20 4 17007.239853 
20 5 529.123912 
20 6 65.042019 
20 7 8.943792 
20 8 3.092889 
20 9 3.470626 
20 10 22.195252 
20 11 23794.049419 
20 12 10.000000 
20 13 10.000000 
20 14 10.000000 
20 15 10.000000 
20 16 10.000000 
20 17 10.000000 
20 18 10.000000 
20 19 10.000000 
20 20 10.000000 
21 0 0.000000 
21 1 10.000000 
21 2 10.000000 
21 3 32935.423251 
21 4 2443.054016 
21 5 82.730119 
21 6 11.136266 
21 7 1.968429 
21 8 1.060847 
21 9 2.880954 
21 10 4150.619438 
21 11 10.000000 
21 12 10.000000 
21 13 10.000000 
21 14 10.000000 
21 15 10.000000 
21 16 10.000000 
21 17 10.000000 
21 18 10.000000 
21 19 10.000000 
21 20 10.000000 
22 0 0.000000 
22 1 10.000000 
22 2 10.000000 
22 3 10.000000 
22 4 3401.550269 
22 5 42.779658 
22 6 3.598491 
22 7 1.208133 
22 8 1.000000 
22 9 1003.394863 
22 10 10.000000 
22 11 10.000000 
22 12 10.000000 
22 13 10.000000 
22 14 10.000000 
22 15 10.000000 
22 16 10.000000 
22 17 10.000000 
22 18 10.000000 
22 19 10.000000 
22 20 10.000000 
23 0 0.000000 
23 1 10.000000 
23 2 10.000000 
23 3 10.000000 
23 4 5923.307357 
23 5 21.044425 
23 6 2.982144 
23 7 3.809859 
23 8 190.852945 
23 9 10.000000 
23 10 10.000000 
23 11 10.000000 
23 12 10.000000 
23 13 10.000000 
23 14 10.000000 
23 15 10.000000 
23 16 10.000000 
23 17 10.000000 
23 18 10.000000 
23 19 10.000000 
23 20 10.000000 
24 0 0.000000 
24 1 0.000000 
24 2 0.000000 
24 3 0.000000 
24 4 0.000000 
24 5 0.000000 
24 6 0.000000 
24 7 0.000000 
24 8 0.000000 
24 9 0.000000 
24 10 0.000000 
24 11 0.000000 
24 12 0.000000 
24 13 0.000000 
24 14 0.000000 
24 15 0.000000 
24 16 0.000000 
24 17 0.000000 
24 18 0.000000 
24 19 0.000000 
24 20 0.000000 
25 0 0.000000 
25 1 0.000000 
25 2 0.000000 
25 3 0.000000 
25 4 0.000000 
25 5 0.000000 
25 6 0.000000 
25 7 0.000000 
25 8 0.000000 
25 9 0.000000 
25 10 0.000000 
25 11 0.000000 
25 12 0.000000 
25 13 0.000000 
25 14 0.000000 
25 15 0.000000 
25 16 0.000000 
25 17 0.000000 
25 18 0.000000 
25 19 0.000000 
25 20 0.000000 
26 0 0.000000 
26 1 0.000000 
26 2 0.000000 
26 3 0.000000 
26 4 0.000000 
26 5 0.000000 
26 6 0.000000 
26 7 0.000000 
26 8 0.000000 
26 9 0.000000 
26 10 0.000000 
26 11 0.000000 
26 12 0.000000 
26 13 0.000000 
26 14 0.000000 
26 15 0.000000 
26 16 0.000000 
26 17 0.000000 
26 18 0.000000 
26 19 0.000000 
26 20 0.000000 
27 0 0.000000 
27 1 0.000000 
27 2 0.000000 
27 3 0.000000 
27 4 0.000000 
27 5 0.000000 
27 6 0.000000 
27 7 0.000000 
27 8 0.000000 
27 9 0.000000 
27 10 0.000000 
27 11 0.000000 
27 12 0.000000 
27 13 0.000000 
27 14 0.000000 
27 15 0.000000 
27 16 0.000000 
27 17 0.000000 
27 18 0.000000 
27 19 0.000000 
27 20 0.000000 
