t = 100000000
b = 25 25 25
E = -1.30666767401286 -1.30666767401286 0
-547.085958666949 -409.695301081474 -312.428304197514 -0.133136139897904 0.934376553061465 0.330477451549183 -0.852157300988384 0.0623406267736163 -0.519559072993358 0 0 0 0 0 0
-546.75250810714 -409.901238301897 -313.799667327873 0.417578507101458 0.521419838902465 -0.744143577221504 -0.0863584120746849 -0.792481854219728 -0.603750677219772 0 0 0 0 0 0
-547.09205912739 -410.097129048307 -314.212168837311 0.976855712097105 0.0421887055503983 -0.209697778335689 -0.0428726278830591 -0.921844376805657 -0.385181886946556 0 0 0 0 0 0
-547.069591165222 -410.284324827698 -314.622593052634 0.833427212467381 -0.361663181363347 0.417850414955757 -0.142504737075373 -0.871189954607915 -0.469809190749024 0 0 0 0 0 0
-546.897743164184 -410.044956239591 -315.031646020992 0.00436985010763036 -0.628964142777754 -0.777422112598266 0.244945356537242 0.754419446408664 -0.608977198770128 0 0 0 0 0 0
-546.637286085627 -409.82259506179 -315.487765943162 -0.860173055997438 -0.272756300475449 -0.43093664061734 0.122305154008369 0.709991297500029 -0.69350842185931 0 0 0 0 0 0
-546.363748017785 -409.675180138139 -315.874243586347 -0.988444307779764 0.135500696567514 0.0679525169935787 0.0617477224904517 0.769319773766992 -0.635872989159062 0 0 0 0 0 0
-546.482035716253 -409.426724496057 -316.301866773575 -0.516688830433197 0.442615394487826 0.732887720688669 0.103034151624833 0.881927936153537 -0.45998619420116 0 0 0 0 0 0
-545.068670956211 -409.862363235404 -316.469881861695 0.504434320073921 -0.152834875273861 0.849816210681138 -0.841015707879881 -0.309863184297837 0.443483308742245 0 0 0 0 0 0
-545.217146175798 -410.179900058578 -316.829454059106 0.922412300192176 0.167308022294249 0.34808559909907 0.126941008641597 -0.982559207809187 0.135880575124528 0 0 0 0 0 0
-544.966601266061 -410.540721339035 -317.002074251128 0.33859765141443 -0.0201475362880116 0.940715593221658 -0.0578956000466428 -0.998322559726387 -0.00054259026255115 0 0 0 0 0 0
-544.888450044731 -410.534966905223 -318.106851628979 0.479825738779861 -0.61151378775929 -0.629140928665573 -0.485694081838955 -0.782317555832756 0.389975252036269 0 0 0 0 0 0
-545.292379461528 -410.951543327794 -318.295473104099 0.83366632382355 -0.540938209802964 -0.111294550723468 -0.444212543622559 -0.776533434058999 0.446845887947439 0 0 0 0 0 0
-545.503755118644 -411.419626076766 -318.440001506121 0.828274269870623 -0.193800083475224 0.525740752543669 -0.477853623872786 -0.734290903063661 0.482154436882776 0 0 0 0 0 0
-545.526565454058 -411.888148507434 -318.362226142019 0.520726704076461 0.194869908777984 0.831185606176153 -0.414155419674876 -0.793703345828534 0.44554509728637 0 0 0 0 0 0
-545.361945273783 -412.320850774054 -318.164153791826 -0.172930881052137 0.567066062651143 0.805314320951025 -0.507298660028982 -0.752119005941949 0.420672397121604 0 0 0 0 0 0
-545.412263317829 -412.65371838133 -317.797346865066 -0.408689083617153 0.755235975482957 0.512437302102534 -0.401663628717886 -0.65300668429271 0.642065979654776 0 0 0 0 0 0
-545.422212288076 -412.878623165545 -317.373008542771 -0.764413552835169 0.635147839020455 0.110721206624118 -0.420678225193485 -0.621502216373458 0.66088188797631 0 0 0 0 0 0
-545.520440898131 -412.855232892227 -316.901617139237 -0.923253292318807 0.196610580482293 -0.330072353159179 -0.384006001337609 -0.445515622010878 0.808736806586492 0 0 0 0 0 0
-545.779118802742 -412.76519659988 -316.400757072864 -0.722354143463877 -0.30309747267189 -0.62155972567961 -0.462147053804667 -0.457035803609524 0.759959514108161 0 0 0 0 0 0
-546.203445707091 -412.807347444182 -316.09346375452 -0.312764580276117 -0.663098495915251 -0.680057892783419 -0.592672912046105 -0.423251352202911 0.685271594202636 0 0 0 0 0 0
-542.117503349559 -406.162596729979 -324.849984476077 0.447075202207054 -0.854011785485978 -0.266059667973781 -0.416240590683092 -0.461899064405823 0.783194141395162 0 0 0 0 0 0
-542.433225571187 -406.61718425408 -324.673356708941 0.86552044544767 -0.500812168127605 0.00785056099463197 -0.309109034666879 -0.5217485051515 0.795129046533319 0 0 0 0 0 0
-542.609093002873 -407.137790074041 -324.524927025977 0.933772017172999 0.0660211218383508 0.351725921747889 -0.254357006368882 -0.568925958960227 0.782065157008815 0 0 0 0 0 0
-542.495310916339 -407.588688329617 -324.415289472862 0.474224805034055 0.553427848517207 0.684710604674933 -0.418781832312026 -0.542306227448349 0.728372086648375 0 0 0 0 0 0
-542.475365790007 -407.993043934057 -324.055755869956 0.241047886885347 0.823466559406426 0.513613525881127 -0.0341605073935468 -0.521691571360011 0.852450039072476 0 0 0 0 0 0
-542.137688373713 -408.207052811095 -323.555508850277 -0.429553425555187 0.842028052428859 0.326301488334211 -0.108014619399771 -0.406650298705597 0.907176061814071 0 0 0 0 0 0
-542.029183941559 -408.178033180776 -322.956861124597 -0.817954694126469 0.573608160716971 0.0438618600712066 -0.199277278958428 -0.354037394615266 0.91375387061216 0 0 0 0 0 0
-542.079323479977 -408.096872555831 -322.472503052828 -0.965416194998655 -0.000164768140195434 -0.260713689116695 -0.239988302200421 -0.390169130363347 0.88891717400836 0 0 0 0 0 0
-542.278773684751 -408.056465118328 -321.97539006712 -0.797486240162988 -0.253751454478269 -0.547381011306732 -0.454956708628915 -0.342963969144021 0.821821301352629 0 0 0 0 0 0
-542.73828954319 -407.918378974565 -321.634281477269 -0.240463740141977 -0.812263436834736 -0.531418203267637 -0.387312034239668 -0.42171720370764 0.819843883687253 0 0 0 0 0 0
-543.216993697741 -408.060876877305 -321.391014616387 0.419967060015948 -0.859611103596424 -0.291026802560547 -0.429012361590189 -0.470626925412955 0.77101155919021 0 0 0 0 0 0
-543.549028915615 -408.351236930491 -321.160796078967 0.700752132035084 -0.698142619030858 -0.146776957593127 -0.495723171220293 -0.624470057146558 0.603569227119788 0 0 0 0 0 0
-543.806704465362 -408.79517827579 -321.011754908508 0.916817692839269 -0.254671752440593 0.307551197499151 -0.397563885713741 -0.65405401319587 0.643549894397719 0 0 0 0 0 0
-543.81470575861 -409.265061468547 -320.902428537505 0.741398639357674 0.19301012824942 0.642709331675982 -0.342634939558251 -0.714619757014235 0.609852521108129 0 0 0 0 0 0
-543.71021929822 -409.748850658916 -320.665219065035 0.28913892398248 0.530392049890891 0.796921040379674 -0.157578683397455 -0.794752240306278 0.5861212163806 0 0 0 0 0 0
-543.477822765618 -410.12885085801 -320.331567116071 -0.187870360486689 0.73293166410286 0.653847124773614 -0.1750597191669 -0.680028631487965 0.711979856197569 0 0 0 0 0 0
-543.426265089205 -410.352548086135 -319.820041572718 -0.457677717943249 0.792934916248314 0.402225650719315 -0.283346738981322 -0.55887615538792 0.779340863827942 0 0 0 0 0 0
-543.358484695347 -410.428099324527 -319.276348587741 -0.909395222821509 0.351951316179683 -0.221654626221681 -0.386004521834219 -0.515642458902092 0.764927139710445 0 0 0 0 0 0
-543.601636481879 -410.390054983099 -318.756667126022 -0.785034312201263 -0.083436402611432 -0.61380745525815 -0.539793647324324 -0.393952950580621 0.743924726603911 0 0 0 0 0 0
-543.969388015369 -410.303055321629 -318.389259525537 -0.421459382471342 -0.591926141313214 -0.687019370927811 -0.647741744579873 -0.333711388671185 0.684885025796999 0 0 0 0 0 0
-544.391675552319 -410.308121054836 -318.14675802666 0.0882104402841751 -0.898337246943254 -0.430359501810657 -0.551107330537894 -0.403908681707893 0.730163416111563 0 0 0 0 0 0
-544.534100541235 -409.4449009601 -317.007304587556 -0.281278989688306 0.34251614553613 0.896417828679123 0.515409852585043 0.841883533015982 -0.159952991492463 0 0 0 0 0 0
-544.514115111387 -408.937398342175 -316.998556228031 0.591169456733891 -0.361257964410091 0.721118227618919 0.758415824837847 0.553225610137109 -0.344596923671471 0 0 0 0 0 0
-544.098345314719 -408.541189527899 -317.07332634671 0.409945378176101 -0.617351842050777 0.671432536446189 0.868142544012102 0.489887314901889 -0.0796181759273965 0 0 0 0 0 0
-543.791255076146 -408.245779434303 -316.836362848326 0.532593593031958 -0.835599356855499 -0.134602988505792 0.810668702028041 0.549338186968058 -0.202593087138942 0 0 0 0 0 0
-544.55929039165 -406.987623570188 -317.070774904622 -0.504013783135719 0.503041446932573 -0.702082247999524 -0.566026197909767 0.421606878314699 0.708422229866454 0 0 0 0 0 0
-544.626686588185 -406.515020030116 -316.896607800558 -0.929575884314187 -0.108895338333496 -0.352179724359324 -0.338504012062296 0.630435372855148 0.698545928202456 0 0 0 0 0 0
-546.620580042456 -413.623515006472 -316.911002592315 0.394151388443373 0.657895909145052 0.641730274163675 0.255047189598596 0.592530164609123 -0.764106693259198 0 0 0 0 0 0
-546.667748607341 -413.096150411892 -317.149075487397 0.785202784920921 0.205785342759099 0.584045409488887 0.295383332461844 0.704476704704459 -0.64533817854774 0 0 0 0 0 0
-546.592669424993 -412.612928990937 -317.236024193357 0.925696636756248 -0.317986069396227 0.204867405608678 0.377892529183758 0.753319890339869 -0.538243867187986 0 0 0 0 0 0
-546.343701686064 -412.170728261106 -317.306744867686 0.806147513108218 -0.58994294931851 -0.0457561701282184 0.51424607663978 0.736759412495598 -0.439017871738426 0 0 0 0 0 0
-545.972810363409 -411.812156383271 -317.18412240229 0.462889912267099 -0.698077159806854 -0.546279573675945 0.60753716688034 0.698611827063625 -0.377942157796091 0 0 0 0 0 0
-545.495365274191 -411.706828993662 -317.148170694322 0.0448716503869585 -0.407073314084191 -0.912292726396292 0.765559006421691 0.600701768489686 -0.230384125314366 0 0 0 0 0 0
-544.940263336352 -411.697748884105 -317.392078407762 -0.510030107456737 -0.0671885555085224 -0.857528473938966 0.719603718199439 0.512816782700537 -0.468176845481866 0 0 0 0 0 0
-544.50129852626 -411.656552045381 -317.800875442886 -0.825813016625934 0.163043977659013 -0.539860693586219 0.549326741239164 0.449108350893583 -0.70465727409659 0 0 0 0 0 0
-544.260582884866 -411.560434469804 -318.301923257511 -0.832001079987273 0.554770734938695 0.00193934740645126 0.473438471557488 0.711839015502911 -0.518788352370231 0 0 0 0 0 0
-544.286747983473 -411.342975482268 -318.782933447212 -0.382655528245277 0.727044099272996 0.570071721990166 0.21145808384702 0.669575430321421 -0.712007272110224 0 0 0 0 0 0
-544.536945579476 -411.024265065433 -319.177652019941 0.49654830945367 0.655479252787144 0.569022746841833 0.217192623982632 0.540871112012208 -0.81257982262733 0 0 0 0 0 0
-544.576019060068 -410.577423016609 -319.374260046739 0.879332049570491 0.183006984100134 0.439640339506381 0.234711989043003 0.636727368835301 -0.734498947855405 0 0 0 0 0 0
-544.43181880486 -409.96665356636 -319.532430707419 0.893697301835175 -0.349823654995618 0.280942519731957 0.439748031753943 0.558693755896749 -0.703194944313468 0 0 0 0 0 0
-544.142964340333 -409.531550513022 -319.480194010126 0.625907361952028 -0.687929542940393 -0.367413935404558 0.442880999907898 0.701295865181587 -0.558605986671378 0 0 0 0 0 0
-543.713668124046 -409.235478771546 -319.58060299872 0.192133661583874 -0.788323924286629 -0.584491347728062 0.446359531662712 0.600615153791579 -0.663343561439938 0 0 0 0 0 0
-543.246113916212 -409.056284869026 -319.836568113925 -0.374636462219581 -0.672135835490048 -0.63865568990093 0.441570850316007 0.476341088403931 -0.760338400806461 0 0 0 0 0 0
-542.907140208671 -409.039985352642 -320.20151931575 -0.781332519200991 -0.223200953032638 -0.582838684347812 0.450608077684196 0.444394380583882 -0.77425198302853 0 0 0 0 0 0
-542.70432787837 -409.152566497251 -320.674600066183 -0.905813463266479 0.326190556789235 -0.270373524087152 0.370773478710415 0.301513570928794 -0.878417192150801 0 0 0 0 0 0
-542.680025738003 -409.143215124099 -321.297674184039 -0.803480004011536 0.591814608149473 0.0646185257695349 0.169831180834698 0.331887477954215 -0.927905289908268 0 0 0 0 0 0
-542.772903799945 -409.101522974613 -321.80293710065 -0.305258493966522 0.881678289316586 0.359806653791496 0.111915694467911 0.408438868564419 -0.905898817901078 0 0 0 0 0 0
-542.99437439392 -408.908028957954 -322.212147305733 0.248329130710594 0.834426286997125 0.492001566989367 0.113481240264858 0.479354036282914 -0.870253869653485 0 0 0 0 0 0
-543.184402624986 -408.554341181892 -322.539230414823 0.817086915512455 0.415538901003737 0.399620447206062 0.13588173189866 0.534827856011689 -0.83396367227473 0 0 0 0 0 0
-543.218708980934 -408.095647548088 -322.852419399778 0.954437856538354 0.00885109763025874 0.298278477519912 0.224880052399351 0.635716164473796 -0.73844020607902 0 0 0 0 0 0
-543.040032785503 -407.596377665441 -323.076084688211 0.817957047626608 -0.557918724608928 0.140260435960736 0.457309031067268 0.482679373395475 -0.746919736906661 0 0 0 0 0 0
-542.711490813589 -407.246698395382 -323.238874366836 0.452642835109181 -0.846463143219273 -0.280383261965718 0.543989493320572 0.511281516600707 -0.66533206400418 0 0 0 0 0 0
-542.295695178121 -407.014774539896 -323.34787792604 0.0378533403246087 -0.858549108719077 -0.511332287235781 0.580346773644078 0.435447948879751 -0.688173534064956 0 0 0 0 0 0
-541.843142992367 -407.038614535315 -323.622737158465 -0.505302096534572 -0.599476350510495 -0.620723824099942 0.528337202848547 0.353816041004826 -0.771799291504804 0 0 0 0 0 0
-541.46259505118 -407.122839912936 -324.074503972442 -0.919545161818038 0.0321444886230846 -0.391667622098784 0.363859286716275 0.44617481938504 -0.8176395926259 0 0 0 0 0 0
-541.373497080753 -407.122057034309 -324.631206041196 -0.904014546090805 0.427407203738984 -0.00899103460962804 0.191289950167756 0.38561228353807 -0.902613614912846 0 0 0 0 0 0
-541.474574155064 -407.086580281426 -325.194311191236 -0.621339021579396 0.721795274000137 0.304876240658972 0.227748188449744 0.538669979030583 -0.811150699309542 0 0 0 0 0 0
