        0.0000  -1.531258   0.290119  -1.241139 
      500.0000  -1.534240   0.290772  -1.243468 
     1000.0000  -1.539786   0.298101  -1.241685 
     1500.0000  -1.541610   0.291072  -1.250538 
     2000.0000  -1.543890   0.293827  -1.250063 
     2500.0000  -1.548719   0.294686  -1.254034 
     3000.0000  -1.535899   0.300055  -1.235844 
     3500.0000  -1.535646   0.291717  -1.243929 
     4000.0000  -1.544108   0.291512  -1.252596 
     4500.0000  -1.542507   0.293594  -1.248914 
     5000.0000  -1.539062   0.297416  -1.241646 
     5500.0000  -1.543611   0.292693  -1.250918 
     6000.0000  -1.544361   0.292058  -1.252303 
     6500.0000  -1.542073   0.295346  -1.246728 
     7000.0000  -1.536624   0.290611  -1.246013 
     7500.0000  -1.532476   0.288087  -1.244389 
     8000.0000  -1.543056   0.288325  -1.254731 
     8500.0000  -1.539393   0.295811  -1.243582 
     9000.0000  -1.542530   0.296923  -1.245607 
     9500.0000  -1.536982   0.296568  -1.240415 
    10000.0000  -1.543997   0.294730  -1.249267 
    10500.0000  -1.538260   0.294410  -1.243850 
    11000.0000  -1.536137   0.296459  -1.239678 
    11500.0000  -1.539308   0.303566  -1.235743 
    12000.0000  -1.543802   0.295886  -1.247916 
    12500.0000  -1.545749   0.291836  -1.253913 
    13000.0000  -1.552038   0.292826  -1.259212 
    13500.0000  -1.549858   0.292141  -1.257717 
    14000.0000  -1.546971   0.294976  -1.251995 
    14500.0000  -1.535178   0.295188  -1.239990 
    15000.0000  -1.526770   0.294372  -1.232398 
    15500.0000  -1.546464   0.293991  -1.252474 
    16000.0000  -1.541267   0.293425  -1.247842 
    16500.0000  -1.543804   0.297387  -1.246417 
    17000.0000  -1.544879   0.292718  -1.252162 
    17500.0000  -1.540714   0.291211  -1.249503 
    18000.0000  -1.546635   0.297827  -1.248808 
    18500.0000  -1.549319   0.296290  -1.253028 
    19000.0000  -1.542148   0.294228  -1.247919 
    19500.0000  -1.538776   0.298110  -1.240666 
    20000.0000  -1.540833   0.296332  -1.244502 
    20500.0000  -1.531836   0.295952  -1.235884 
    21000.0000  -1.542328   0.293876  -1.248453 
    21500.0000  -1.540343   0.295906  -1.244437 
    22000.0000  -1.539195   0.287869  -1.251325 
    22500.0000  -1.542208   0.294858  -1.247350 
    23000.0000  -1.546251   0.295462  -1.250790 
    23500.0000  -1.537067   0.293477  -1.243591 
    24000.0000  -1.541285   0.297423  -1.243862 
    24500.0000  -1.532039   0.295415  -1.236624 
    25000.0000  -1.540883   0.296922  -1.243961 
    25500.0000  -1.544436   0.296008  -1.248428 
    26000.0000  -1.542569   0.300132  -1.242437 
    26500.0000  -1.536394   0.291482  -1.244912 
    27000.0000  -1.540062   0.290437  -1.249625 
    27500.0000  -1.537605   0.295945  -1.241660 
    28000.0000  -1.540986   0.299294  -1.241693 
    28500.0000  -1.532943   0.294626  -1.238317 
    29000.0000  -1.533982   0.290702  -1.243280 
    29500.0000  -1.534714   0.298666  -1.236048 
    30000.0000  -1.543071   0.295550  -1.247521 
    30500.0000  -1.539735   0.292498  -1.247237 
    31000.0000  -1.542718   0.291687  -1.251031 
    31500.0000  -1.536794   0.293174  -1.243620 
    32000.0000  -1.535585   0.299418  -1.236167 
    32500.0000  -1.526153   0.300839  -1.225314 
    33000.0000  -1.532468   0.298017  -1.234451 
    33500.0000  -1.532958   0.292951  -1.240007 
    34000.0000  -1.540044   0.298606  -1.241439 
    34500.0000  -1.536427   0.299228  -1.237199 
    35000.0000  -1.534752   0.292110  -1.242642 
    35500.0000  -1.542916   0.293541  -1.249375 
    36000.0000  -1.535401   0.294110  -1.241290 
    36500.0000  -1.536650   0.293511  -1.243139 
    37000.0000  -1.536554   0.293108  -1.243446 
    37500.0000  -1.543269   0.297667  -1.245602 
    38000.0000  -1.537136   0.292275  -1.244860 
    38500.0000  -1.540308   0.303418  -1.236890 
    39000.0000  -1.542533   0.295037  -1.247496 
    39500.0000  -1.544206   0.296887  -1.247319 
    40000.0000  -1.531595   0.292265  -1.239330 
    40500.0000  -1.536890   0.291961  -1.244929 
    41000.0000  -1.541371   0.301214  -1.240157 
    41500.0000  -1.540856   0.288396  -1.252459 
    42000.0000  -1.545845   0.297948  -1.247898 
    42500.0000  -1.538551   0.297125  -1.241427 
    43000.0000  -1.541586   0.292791  -1.248795 
    43500.0000  -1.542864   0.299030  -1.243834 
    44000.0000  -1.537084   0.291071  -1.246013 
    44500.0000  -1.533019   0.298163  -1.234856 
    45000.0000  -1.533497   0.296598  -1.236899 
    45500.0000  -1.540539   0.298439  -1.242100 
    46000.0000  -1.545148   0.288736  -1.256412 
    46500.0000  -1.534863   0.296704  -1.238160 
    47000.0000  -1.540792   0.297759  -1.243033 
    47500.0000  -1.541674   0.301239  -1.240434 
    48000.0000  -1.543479   0.293133  -1.250346 
    48500.0000  -1.546123   0.301065  -1.245058 
    49000.0000  -1.538742   0.291079  -1.247663 
    49500.0000  -1.532520   0.291248  -1.241272 
    50000.0000  -1.550629   0.288862  -1.261767 
    50500.0000  -1.547075   0.288746  -1.258329 
    51000.0000  -1.545149   0.305068  -1.240081 
    51500.0000  -1.543374   0.291639  -1.251735 
    52000.0000  -1.535194   0.303206  -1.231988 
    52500.0000  -1.544221   0.295607  -1.248613 
    53000.0000  -1.539818   0.292206  -1.247613 
    53500.0000  -1.536074   0.290639  -1.245435 
    54000.0000  -1.548023   0.293502  -1.254522 
    54500.0000  -1.538265   0.294565  -1.243700 
    55000.0000  -1.543809   0.298224  -1.245585 
    55500.0000  -1.535273   0.294706  -1.240567 
    56000.0000  -1.536736   0.292881  -1.243854 
    56500.0000  -1.542187   0.292926  -1.249261 
    57000.0000  -1.532808   0.296586  -1.236221 
    57500.0000  -1.544503   0.297933  -1.246569 
    58000.0000  -1.539392   0.298287  -1.241105 
    58500.0000  -1.542286   0.299061  -1.243225 
    59000.0000  -1.548627   0.293706  -1.254921 
    59500.0000  -1.542266   0.290182  -1.252084 
    60000.0000  -1.537608   0.298155  -1.239454 
    60500.0000  -1.542043   0.292358  -1.249685 
    61000.0000  -1.542198   0.296006  -1.246193 
    61500.0000  -1.537726   0.294009  -1.243717 
    62000.0000  -1.535701   0.289820  -1.245881 
    62500.0000  -1.542218   0.287967  -1.254251 
    63000.0000  -1.541160   0.292619  -1.248540 
    63500.0000  -1.529967   0.297714  -1.232253 
    64000.0000  -1.532063   0.294597  -1.237465 
    64500.0000  -1.538548   0.293828  -1.244720 
    65000.0000  -1.548847   0.292413  -1.256435 
    65500.0000  -1.542068   0.291031  -1.251038 
    66000.0000  -1.543138   0.288245  -1.254894 
    66500.0000  -1.546925   0.289102  -1.257823 
    67000.0000  -1.540144   0.295482  -1.244662 
    67500.0000  -1.536295   0.290898  -1.245397 
    68000.0000  -1.541024   0.290973  -1.250051 
    68500.0000  -1.535086   0.298481  -1.236605 
    69000.0000  -1.539330   0.301383  -1.237947 
    69500.0000  -1.543284   0.299635  -1.243649 
    70000.0000  -1.542549   0.294095  -1.248454 
    70500.0000  -1.538113   0.301709  -1.236404 
    71000.0000  -1.526965   0.293658  -1.233306 
    71500.0000  -1.537477   0.295205  -1.242272 
    72000.0000  -1.533126   0.288083  -1.245044 
    72500.0000  -1.537823   0.295643  -1.242180 
    73000.0000  -1.541823   0.293583  -1.248240 
    73500.0000  -1.541604   0.295013  -1.246591 
    74000.0000  -1.541627   0.293960  -1.247666 
    74500.0000  -1.539330   0.288151  -1.251179 
    75000.0000  -1.542278   0.294405  -1.247872 
    75500.0000  -1.545457   0.294521  -1.250936 
    76000.0000  -1.534676   0.293662  -1.241014 
    76500.0000  -1.539753   0.296233  -1.243520 
    77000.0000  -1.536422   0.294363  -1.242058 
    77500.0000  -1.544112   0.294108  -1.250004 
    78000.0000  -1.544712   0.301377  -1.243335 
    78500.0000  -1.540155   0.295017  -1.245138 
    79000.0000  -1.534987   0.291262  -1.243725 
    79500.0000  -1.534606   0.297040  -1.237567 
    80000.0000  -1.537407   0.299528  -1.237879 
    80500.0000  -1.547256   0.291186  -1.256069 
    81000.0000  -1.540244   0.293423  -1.246822 
    81500.0000  -1.536584   0.289261  -1.247323 
    82000.0000  -1.538082   0.294328  -1.243755 
    82500.0000  -1.539754   0.293042  -1.246711 
    83000.0000  -1.540856   0.292712  -1.248144 
    83500.0000  -1.543622   0.289594  -1.254028 
    84000.0000  -1.539500   0.300819  -1.238681 
    84500.0000  -1.538293   0.297391  -1.240902 
    85000.0000  -1.542110   0.300904  -1.241206 
    85500.0000  -1.540559   0.290947  -1.249612 
    86000.0000  -1.537581   0.294227  -1.243354 
    86500.0000  -1.536951   0.293909  -1.243042 
    87000.0000  -1.540078   0.296689  -1.243389 
    87500.0000  -1.547512   0.296113  -1.251399 
    88000.0000  -1.544080   0.296565  -1.247515 
    88500.0000  -1.539734   0.293553  -1.246181 
    89000.0000  -1.543347   0.290390  -1.252957 
    89500.0000  -1.534985   0.300049  -1.234936 
    90000.0000  -1.536311   0.300481  -1.235829 
    90500.0000  -1.541130   0.294554  -1.246575 
    91000.0000  -1.537595   0.289814  -1.247781 
    91500.0000  -1.535362   0.292968  -1.242394 
    92000.0000  -1.543493   0.293942  -1.249551 
    92500.0000  -1.535610   0.296491  -1.239119 
    93000.0000  -1.532061   0.293247  -1.238815 
    93500.0000  -1.545409   0.292327  -1.253082 
    94000.0000  -1.546179   0.294712  -1.251468 
    94500.0000  -1.538323   0.301591  -1.236732 
    95000.0000  -1.538124   0.291829  -1.246295 
    95500.0000  -1.540493   0.298624  -1.241869 
    96000.0000  -1.544046   0.292295  -1.251751 
    96500.0000  -1.540082   0.291164  -1.248919 
    97000.0000  -1.538576   0.290535  -1.248041 
    97500.0000  -1.535767   0.288585  -1.247182 
    98000.0000  -1.536967   0.289038  -1.247928 
    98500.0000  -1.535288   0.303309  -1.231979 
    99000.0000  -1.538167   0.295384  -1.242783 
    99500.0000  -1.545933   0.293415  -1.252518 
   100000.0000  -1.546909   0.297245  -1.249664 
   100500.0000  -1.547217   0.296901  -1.250315 
   101000.0000  -1.535850   0.294832  -1.241018 
   101500.0000  -1.545632   0.291042  -1.254591 
   102000.0000  -1.535117   0.296597  -1.238520 
   102500.0000  -1.548498   0.287640  -1.260858 
   103000.0000  -1.541003   0.290380  -1.250623 
   103500.0000  -1.544361   0.296288  -1.248073 
   104000.0000  -1.539264   0.291437  -1.247828 
   104500.0000  -1.538056   0.293544  -1.244512 
   105000.0000  -1.541262   0.293833  -1.247429 
   105500.0000  -1.531789   0.295365  -1.236424 
   106000.0000  -1.542908   0.296217  -1.246691 
   106500.0000  -1.534473   0.293577  -1.240897 
   107000.0000  -1.530786   0.290939  -1.239848 
   107500.0000  -1.528578   0.303415  -1.225163 
   108000.0000  -1.541839   0.297065  -1.244774 
   108500.0000  -1.540572   0.291641  -1.248931 
   109000.0000  -1.539819   0.292495  -1.247324 
   109500.0000  -1.538119   0.300898  -1.237221 
   110000.0000  -1.536255   0.296118  -1.240137 
   110500.0000  -1.540542   0.293734  -1.246808 
   111000.0000  -1.542127   0.292937  -1.249191 
   111500.0000  -1.541375   0.289584  -1.251792 
   112000.0000  -1.545063   0.296081  -1.248983 
   112500.0000  -1.542363   0.293444  -1.248919 
   113000.0000  -1.544090   0.301666  -1.242424 
   113500.0000  -1.543843   0.293734  -1.250109 
   114000.0000  -1.539391   0.298599  -1.240792 
   114500.0000  -1.539489   0.294487  -1.245002 
   115000.0000  -1.544444   0.296332  -1.248112 
   115500.0000  -1.545777   0.294174  -1.251602 
   116000.0000  -1.538941   0.285529  -1.253412 
   116500.0000  -1.535105   0.294813  -1.240292 
   117000.0000  -1.542856   0.297703  -1.245153 
   117500.0000  -1.545864   0.291409  -1.254455 
   118000.0000  -1.539011   0.296113  -1.242898 
   118500.0000  -1.535684   0.295934  -1.239750 
   119000.0000  -1.539912   0.289312  -1.250600 
   119500.0000  -1.538666   0.293266  -1.245400 
   120000.0000  -1.536898   0.293868  -1.243030 
   120500.0000  -1.533024   0.293222  -1.239802 
   121000.0000  -1.546228   0.290269  -1.255959 
   121500.0000  -1.537729   0.296643  -1.241086 
   122000.0000  -1.541628   0.292363  -1.249265 
   122500.0000  -1.533560   0.286837  -1.246723 
   123000.0000  -1.539455   0.299373  -1.240082 
   123500.0000  -1.532931   0.296526  -1.236405 
   124000.0000  -1.534297   0.295040  -1.239257 
   124500.0000  -1.537216   0.298403  -1.238813 
   125000.0000  -1.538105   0.294829  -1.243276 
   125500.0000  -1.542780   0.296039  -1.246741 
   126000.0000  -1.541998   0.291549  -1.250449 
   126500.0000  -1.528876   0.295433  -1.233443 
   127000.0000  -1.540241   0.292784  -1.247457 
   127500.0000  -1.541963   0.291304  -1.250659 
   128000.0000  -1.545897   0.302034  -1.243863 
   128500.0000  -1.537078   0.294729  -1.242349 
   129000.0000  -1.538257   0.287501  -1.250756 
   129500.0000  -1.534850   0.298800  -1.236050 
   130000.0000  -1.542065   0.294245  -1.247820 
   130500.0000  -1.535385   0.293982  -1.241404 
   131000.0000  -1.535389   0.295196  -1.240194 
   131500.0000  -1.539744   0.292620  -1.247124 
   132000.0000  -1.539021   0.294171  -1.244851 
   132500.0000  -1.533143   0.294490  -1.238653 
   133000.0000  -1.540830   0.291406  -1.249423 
   133500.0000  -1.536233   0.291003  -1.245230 
   134000.0000  -1.548616   0.298875  -1.249741 
   134500.0000  -1.545362   0.285146  -1.260216 
   135000.0000  -1.543288   0.295018  -1.248270 
   135500.0000  -1.544910   0.296560  -1.248350 
   136000.0000  -1.545430   0.293125  -1.252305 
   136500.0000  -1.541746   0.292467  -1.249279 
   137000.0000  -1.538949   0.291519  -1.247429 
   137500.0000  -1.535208   0.292540  -1.242668 
   138000.0000  -1.541585   0.289044  -1.252541 
   138500.0000  -1.542553   0.296064  -1.246489 
   139000.0000  -1.539909   0.292424  -1.247485 
   139500.0000  -1.542965   0.293722  -1.249244 
   140000.0000  -1.539499   0.295554  -1.243945 
   140500.0000  -1.535852   0.298313  -1.237539 
   141000.0000  -1.546252   0.287867  -1.258385 
   141500.0000  -1.546395   0.302603  -1.243792 
   142000.0000  -1.539643   0.297479  -1.242164 
   142500.0000  -1.538649   0.288972  -1.249677 
   143000.0000  -1.539224   0.297926  -1.241298 
   143500.0000  -1.538437   0.290936  -1.247501 
   144000.0000  -1.545376   0.296536  -1.248840 
   144500.0000  -1.538002   0.294228  -1.243774 
   145000.0000  -1.540469   0.292070  -1.248399 
   145500.0000  -1.543343   0.294374  -1.248968 
   146000.0000  -1.542655   0.296060  -1.246595 
   146500.0000  -1.545190   0.294869  -1.250321 
   147000.0000  -1.546131   0.283666  -1.262465 
   147500.0000  -1.546361   0.293617  -1.252744 
   148000.0000  -1.543703   0.300207  -1.243496 
   148500.0000  -1.542490   0.294751  -1.247739 
   149000.0000  -1.549506   0.293167  -1.256339 
   149500.0000  -1.535972   0.291045  -1.244927 
   150000.0000  -1.544834   0.302090  -1.242744 
   150500.0000  -1.536827   0.299753  -1.237074 
   151000.0000  -1.541756   0.293676  -1.248080 
   151500.0000  -1.539572   0.290667  -1.248904 
   152000.0000  -1.540109   0.292116  -1.247993 
   152500.0000  -1.542186   0.293675  -1.248511 
   153000.0000  -1.537025   0.294930  -1.242095 
   153500.0000  -1.540310   0.290277  -1.250033 
   154000.0000  -1.540487   0.290546  -1.249941 
   154500.0000  -1.547036   0.298698  -1.248338 
   155000.0000  -1.545583   0.296448  -1.249135 
   155500.0000  -1.547913   0.292320  -1.255594 
   156000.0000  -1.545074   0.294334  -1.250740 
   156500.0000  -1.543192   0.296437  -1.246755 
   157000.0000  -1.547158   0.299534  -1.247623 
   157500.0000  -1.549342   0.297532  -1.251810 
   158000.0000  -1.544331   0.292240  -1.252091 
   158500.0000  -1.537884   0.290166  -1.247718 
   159000.0000  -1.544392   0.290266  -1.254125 
   159500.0000  -1.541317   0.294572  -1.246745 
   160000.0000  -1.526671   0.293514  -1.233157 
   160500.0000  -1.544492   0.291886  -1.252606 
   161000.0000  -1.545612   0.290721  -1.254891 
   161500.0000  -1.546376   0.299856  -1.246520 
   162000.0000  -1.546423   0.290838  -1.255584 
   162500.0000  -1.544380   0.297423  -1.246957 
   163000.0000  -1.540900   0.296697  -1.244203 
   163500.0000  -1.546066   0.292898  -1.253168 
   164000.0000  -1.542186   0.290593  -1.251593 
   164500.0000  -1.538423   0.295838  -1.242585 
   165000.0000  -1.546162   0.298377  -1.247786 
   165500.0000  -1.539464   0.293091  -1.246374 
   166000.0000  -1.540445   0.295700  -1.244745 
   166500.0000  -1.540112   0.292564  -1.247548 
   167000.0000  -1.543861   0.293701  -1.250160 
   167500.0000  -1.541513   0.293742  -1.247771 
   168000.0000  -1.542282   0.291293  -1.250989 
   168500.0000  -1.545617   0.295973  -1.249644 
   169000.0000  -1.543809   0.301687  -1.242122 
   169500.0000  -1.540409   0.293079  -1.247330 
   170000.0000  -1.547024   0.296036  -1.250987 
   170500.0000  -1.547306   0.298208  -1.249098 
   171000.0000  -1.544693   0.294416  -1.250277 
   171500.0000  -1.547935   0.297742  -1.250192 
   172000.0000  -1.542948   0.298415  -1.244534 
   172500.0000  -1.541604   0.295454  -1.246149 
   173000.0000  -1.541055   0.295374  -1.245682 
   173500.0000  -1.544322   0.298280  -1.246041 
   174000.0000  -1.544624   0.298139  -1.246485 
   174500.0000  -1.541330   0.290372  -1.250958 
   175000.0000  -1.535392   0.295916  -1.239476 
   175500.0000  -1.542418   0.287406  -1.255013 
   176000.0000  -1.547957   0.287937  -1.260020 
   176500.0000  -1.539386   0.293438  -1.245947 
   177000.0000  -1.539022   0.294490  -1.244531 
   177500.0000  -1.539006   0.288392  -1.250614 
   178000.0000  -1.546214   0.293319  -1.252895 
   178500.0000  -1.538336   0.291300  -1.247036 
   179000.0000  -1.535105   0.290380  -1.244725 
   179500.0000  -1.543762   0.296748  -1.247014 
   180000.0000  -1.542942   0.293534  -1.249408 
   180500.0000  -1.540484   0.294317  -1.246168 
   181000.0000  -1.528095   0.293577  -1.234519 
   181500.0000  -1.542713   0.297847  -1.244866 
   182000.0000  -1.542050   0.293165  -1.248886 
   182500.0000  -1.541965   0.293874  -1.248091 
   183000.0000  -1.544189   0.289579  -1.254610 
   183500.0000  -1.544723   0.290403  -1.254320 
   184000.0000  -1.537806   0.288653  -1.249153 
   184500.0000  -1.539275   0.298673  -1.240602 
   185000.0000  -1.532723   0.298034  -1.234689 
   185500.0000  -1.541074   0.296591  -1.244482 
   186000.0000  -1.535003   0.302765  -1.232238 
   186500.0000  -1.540333   0.290446  -1.249888 
   187000.0000  -1.542972   0.291506  -1.251465 
   187500.0000  -1.539772   0.290531  -1.249241 
   188000.0000  -1.538137   0.294282  -1.243855 
   188500.0000  -1.539061   0.295705  -1.243357 
   189000.0000  -1.539374   0.290088  -1.249286 
   189500.0000  -1.537263   0.295187  -1.242076 
   190000.0000  -1.536091   0.293597  -1.242494 
   190500.0000  -1.540359   0.296403  -1.243956 
   191000.0000  -1.545408   0.293743  -1.251665 
   191500.0000  -1.541307   0.298588  -1.242719 
   192000.0000  -1.539645   0.294773  -1.244872 
   192500.0000  -1.541260   0.297722  -1.243537 
   193000.0000  -1.538388   0.294561  -1.243827 
   193500.0000  -1.541245   0.298109  -1.243136 
   194000.0000  -1.539140   0.297792  -1.241348 
   194500.0000  -1.541003   0.295217  -1.245786 
   195000.0000  -1.542972   0.297288  -1.245684 
   195500.0000  -1.547619   0.295172  -1.252447 
   196000.0000  -1.540589   0.290535  -1.250055 
   196500.0000  -1.542592   0.294488  -1.248104 
   197000.0000  -1.541085   0.300541  -1.240544 
   197500.0000  -1.537744   0.298683  -1.239061 
   198000.0000  -1.536343   0.293407  -1.242936 
   198500.0000  -1.543349   0.296658  -1.246691 
   199000.0000  -1.546613   0.295770  -1.250844 
   199500.0000  -1.542855   0.300637  -1.242218 
   200000.0000  -1.539796   0.288475  -1.251321 
   200500.0000  -1.533813   0.298925  -1.234888 
   201000.0000  -1.548267   0.293146  -1.255121 
   201500.0000  -1.539649   0.293993  -1.245656 
   202000.0000  -1.541255   0.295558  -1.245698 
   202500.0000  -1.548194   0.291883  -1.256311 
   203000.0000  -1.552571   0.291500  -1.261071 
   203500.0000  -1.546011   0.297364  -1.248647 
   204000.0000  -1.539597   0.294614  -1.244983 
   204500.0000  -1.537963   0.298550  -1.239413 
   205000.0000  -1.534497   0.297727  -1.236770 
   205500.0000  -1.538589   0.294819  -1.243770 
   206000.0000  -1.542495   0.299062  -1.243433 
   206500.0000  -1.547103   0.289494  -1.257609 
   207000.0000  -1.544724   0.294790  -1.249934 
   207500.0000  -1.542667   0.294803  -1.247864 
   208000.0000  -1.537217   0.299095  -1.238122 
   208500.0000  -1.540800   0.291450  -1.249350 
   209000.0000  -1.547541   0.292610  -1.254931 
   209500.0000  -1.544853   0.291999  -1.252853 
   210000.0000  -1.540300   0.292314  -1.247987 
   210500.0000  -1.545738   0.294252  -1.251486 
   211000.0000  -1.542697   0.296425  -1.246271 
   211500.0000  -1.544561   0.294306  -1.250255 
   212000.0000  -1.539516   0.292648  -1.246868 
   212500.0000  -1.541021   0.296246  -1.244775 
   213000.0000  -1.538131   0.289270  -1.248861 
   213500.0000  -1.543252   0.295746  -1.247506 
   214000.0000  -1.543053   0.298322  -1.244731 
   214500.0000  -1.539141   0.293855  -1.245287 
   215000.0000  -1.544974   0.294335  -1.250639 
   215500.0000  -1.544106   0.292912  -1.251195 
   216000.0000  -1.539036   0.290532  -1.248505 
   216500.0000  -1.538177   0.291876  -1.246301 
   217000.0000  -1.543134   0.293225  -1.249909 
   217500.0000  -1.544130   0.296877  -1.247254 
   218000.0000  -1.540764   0.297113  -1.243652 
   218500.0000  -1.536844   0.290454  -1.246389 
   219000.0000  -1.543379   0.301643  -1.241736 
   219500.0000  -1.547684   0.292451  -1.255232 
   220000.0000  -1.542315   0.293175  -1.249139 
   220500.0000  -1.543916   0.292691  -1.251226 
   221000.0000  -1.545820   0.291663  -1.254157 
   221500.0000  -1.539561   0.294378  -1.245182 
   222000.0000  -1.535718   0.293238  -1.242480 
   222500.0000  -1.543343   0.291587  -1.251756 
   223000.0000  -1.550004   0.288755  -1.261249 
   223500.0000  -1.542475   0.296301  -1.246174 
   224000.0000  -1.537501   0.293249  -1.244253 
   224500.0000  -1.535999   0.295947  -1.240052 
   225000.0000  -1.541440   0.296075  -1.245364 
   225500.0000  -1.533437   0.298362  -1.235075 
   226000.0000  -1.539267   0.291172  -1.248095 
   226500.0000  -1.541663   0.289807  -1.251856 
   227000.0000  -1.535195   0.298019  -1.237176 
   227500.0000  -1.537887   0.291874  -1.246014 
   228000.0000  -1.542601   0.297299  -1.245302 
   228500.0000  -1.540412   0.300264  -1.240148 
   229000.0000  -1.535607   0.294593  -1.241014 
   229500.0000  -1.542419   0.291543  -1.250876 
   230000.0000  -1.538872   0.295371  -1.243500 
   230500.0000  -1.535493   0.290013  -1.245480 
   231000.0000  -1.537364   0.290004  -1.247360 
   231500.0000  -1.539385   0.293721  -1.245664 
   232000.0000  -1.535022   0.288970  -1.246052 
   232500.0000  -1.539955   0.300255  -1.239700 
   233000.0000  -1.537660   0.288551  -1.249108 
   233500.0000  -1.541868   0.296718  -1.245149 
   234000.0000  -1.539869   0.294577  -1.245292 
   234500.0000  -1.539731   0.290400  -1.249331 
   235000.0000  -1.533783   0.289856  -1.243928 
   235500.0000  -1.537977   0.293043  -1.244934 
   236000.0000  -1.533954   0.292712  -1.241242 
   236500.0000  -1.542502   0.294632  -1.247870 
   237000.0000  -1.540628   0.292072  -1.248556 
   237500.0000  -1.545225   0.297664  -1.247561 
   238000.0000  -1.542593   0.290894  -1.251699 
   238500.0000  -1.544432   0.291683  -1.252749 
   239000.0000  -1.541707   0.289886  -1.251821 
   239500.0000  -1.544855   0.301548  -1.243307 
   240000.0000  -1.544942   0.293374  -1.251568 
   240500.0000  -1.544977   0.291895  -1.253082 
   241000.0000  -1.540080   0.290720  -1.249360 
   241500.0000  -1.536758   0.295584  -1.241174 
   242000.0000  -1.539649   0.291639  -1.248010 
   242500.0000  -1.546866   0.294642  -1.252224 
   243000.0000  -1.547410   0.292903  -1.254507 
   243500.0000  -1.546634   0.290987  -1.255646 
   244000.0000  -1.540911   0.293423  -1.247488 
   244500.0000  -1.535957   0.286293  -1.249664 
   245000.0000  -1.538715   0.288690  -1.250025 
   245500.0000  -1.544230   0.291156  -1.253074 
   246000.0000  -1.546426   0.294265  -1.252161 
   246500.0000  -1.541737   0.301712  -1.240025 
   247000.0000  -1.546907   0.293832  -1.253075 
   247500.0000  -1.551090   0.296989  -1.254101 
   248000.0000  -1.535320   0.295135  -1.240185 
   248500.0000  -1.546713   0.299599  -1.247114 
   249000.0000  -1.539718   0.297769  -1.241949 
   249500.0000  -1.534199   0.295527  -1.238672 
   250000.0000  -1.537386   0.291687  -1.245699 
   250500.0000  -1.547056   0.296068  -1.250988 
   251000.0000  -1.549147   0.295625  -1.253522 
   251500.0000  -1.534060   0.286587  -1.247472 
   252000.0000  -1.538658   0.292253  -1.246404 
   252500.0000  -1.544987   0.294400  -1.250588 
   253000.0000  -1.543082   0.292857  -1.250225 
   253500.0000  -1.548278   0.290117  -1.258161 
   254000.0000  -1.543866   0.289336  -1.254530 
   254500.0000  -1.534408   0.294463  -1.239945 
   255000.0000  -1.531374   0.296572  -1.234802 
   255500.0000  -1.537385   0.295531  -1.241854 
   256000.0000  -1.541563   0.290426  -1.251137 
   256500.0000  -1.543276   0.307381  -1.235894 
   257000.0000  -1.541540   0.290670  -1.250870 
   257500.0000  -1.549698   0.298365  -1.251333 
   258000.0000  -1.537966   0.296124  -1.241842 
   258500.0000  -1.530969   0.297422  -1.233547 
   259000.0000  -1.540802   0.294228  -1.246574 
   259500.0000  -1.542252   0.295795  -1.246457 
   260000.0000  -1.541747   0.294085  -1.247662 
   260500.0000  -1.543170   0.296816  -1.246354 
   261000.0000  -1.536778   0.297564  -1.239213 
   261500.0000  -1.542103   0.291693  -1.250410 
   262000.0000  -1.545733   0.288689  -1.257044 
   262500.0000  -1.539313   0.294862  -1.244450 
   263000.0000  -1.546506   0.291159  -1.255346 
   263500.0000  -1.544948   0.296007  -1.248941 
   264000.0000  -1.539461   0.291306  -1.248155 
   264500.0000  -1.533775   0.295610  -1.238165 
   265000.0000  -1.540765   0.290328  -1.250437 
   265500.0000  -1.546672   0.290938  -1.255734 
   266000.0000  -1.541296   0.299048  -1.242248 
   266500.0000  -1.546020   0.296016  -1.250004 
   267000.0000  -1.543700   0.296269  -1.247431 
   267500.0000  -1.537060   0.285550  -1.251510 
   268000.0000  -1.536446   0.283902  -1.252544 
   268500.0000  -1.531450   0.291548  -1.239902 
   269000.0000  -1.542018   0.293384  -1.248634 
   269500.0000  -1.537547   0.289221  -1.248326 
   270000.0000  -1.544165   0.285546  -1.258619 
   270500.0000  -1.542884   0.292794  -1.250090 
   271000.0000  -1.541231   0.287793  -1.253438 
   271500.0000  -1.533140   0.292777  -1.240363 
   272000.0000  -1.533819   0.284841  -1.248979 
   272500.0000  -1.538926   0.294106  -1.244820 
   273000.0000  -1.536134   0.293495  -1.242639 
   273500.0000  -1.535895   0.288508  -1.247387 
   274000.0000  -1.549612   0.292647  -1.256966 
   274500.0000  -1.545945   0.295208  -1.250737 
   275000.0000  -1.542752   0.299138  -1.243614 
   275500.0000  -1.548024   0.297504  -1.250520 
   276000.0000  -1.547302   0.299259  -1.248043 
   276500.0000  -1.544932   0.296811  -1.248121 
   277000.0000  -1.541373   0.291027  -1.250347 
   277500.0000  -1.540573   0.293732  -1.246840 
   278000.0000  -1.533835   0.293927  -1.239909 
   278500.0000  -1.535727   0.293197  -1.242530 
   279000.0000  -1.541367   0.294326  -1.247041 
   279500.0000  -1.546082   0.297590  -1.248492 
   280000.0000  -1.545754   0.291040  -1.254714 
   280500.0000  -1.539599   0.297194  -1.242406 
   281000.0000  -1.551746   0.292948  -1.258798 
   281500.0000  -1.541163   0.292192  -1.248971 
   282000.0000  -1.539181   0.296245  -1.242936 
   282500.0000  -1.533240   0.295104  -1.238136 
   283000.0000  -1.548678   0.299426  -1.249252 
   283500.0000  -1.541680   0.286629  -1.255050 
   284000.0000  -1.533140   0.297930  -1.235210 
   284500.0000  -1.539328   0.294650  -1.244678 
   285000.0000  -1.534081   0.291461  -1.242620 
   285500.0000  -1.537099   0.293166  -1.243933 
   286000.0000  -1.543556   0.295249  -1.248306 
   286500.0000  -1.542350   0.295084  -1.247266 
   287000.0000  -1.548857   0.299424  -1.249433 
   287500.0000  -1.539109   0.297165  -1.241944 
   288000.0000  -1.543367   0.296475  -1.246892 
   288500.0000  -1.541125   0.294552  -1.246573 
   289000.0000  -1.538881   0.297823  -1.241058 
   289500.0000  -1.537461   0.295511  -1.241950 
   290000.0000  -1.539046   0.292859  -1.246187 
   290500.0000  -1.546851   0.296693  -1.250158 
   291000.0000  -1.538956   0.289766  -1.249190 
   291500.0000  -1.537539   0.294410  -1.243129 
   292000.0000  -1.536127   0.301951  -1.234175 
   292500.0000  -1.547542   0.295250  -1.252292 
   293000.0000  -1.544120   0.297108  -1.247012 
   293500.0000  -1.549295   0.290313  -1.258982 
   294000.0000  -1.547938   0.294882  -1.253057 
   294500.0000  -1.541176   0.298319  -1.242858 
   295000.0000  -1.538428   0.290596  -1.247832 
   295500.0000  -1.545743   0.295907  -1.249837 
   296000.0000  -1.544174   0.297250  -1.246923 
   296500.0000  -1.540992   0.289551  -1.251441 
   297000.0000  -1.541433   0.288176  -1.253258 
   297500.0000  -1.533989   0.287627  -1.246362 
   298000.0000  -1.537938   0.294579  -1.243359 
   298500.0000  -1.541477   0.295825  -1.245652 
   299000.0000  -1.538807   0.293549  -1.245258 
   299500.0000  -1.536250   0.293912  -1.242338 
   300000.0000  -1.536111   0.291050  -1.245061 
   300500.0000  -1.535412   0.293389  -1.242023 
   301000.0000  -1.538982   0.294887  -1.244095 
   301500.0000  -1.547560   0.295464  -1.252096 
   302000.0000  -1.533967   0.292248  -1.241719 
   302500.0000  -1.542373   0.289380  -1.252993 
   303000.0000  -1.540168   0.294295  -1.245873 
   303500.0000  -1.540857   0.290428  -1.250429 
   304000.0000  -1.542117   0.295902  -1.246214 
   304500.0000  -1.541007   0.293563  -1.247443 
   305000.0000  -1.537070   0.297229  -1.239841 
   305500.0000  -1.551931   0.296851  -1.255081 
   306000.0000  -1.537427   0.298526  -1.238901 
   306500.0000  -1.532447   0.290259  -1.242188 
   307000.0000  -1.531018   0.296789  -1.234229 
   307500.0000  -1.535074   0.288985  -1.246090 
   308000.0000  -1.546680   0.296860  -1.249820 
   308500.0000  -1.545953   0.293574  -1.252379 
   309000.0000  -1.542998   0.291080  -1.251919 
   309500.0000  -1.546595   0.291296  -1.255299 
   310000.0000  -1.541155   0.298695  -1.242460 
   310500.0000  -1.537505   0.297291  -1.240214 
   311000.0000  -1.550598   0.297348  -1.253250 
   311500.0000  -1.545349   0.296490  -1.248859 
   312000.0000  -1.539474   0.294358  -1.245115 
   312500.0000  -1.543648   0.289222  -1.254427 
   313000.0000  -1.540754   0.291789  -1.248964 
   313500.0000  -1.540422   0.300167  -1.240255 
   314000.0000  -1.545337   0.300501  -1.244836 
   314500.0000  -1.543768   0.300491  -1.243277 
   315000.0000  -1.536420   0.296738  -1.239682 
   315500.0000  -1.538143   0.287627  -1.250516 
   316000.0000  -1.541638   0.295025  -1.246613 
   316500.0000  -1.542639   0.288535  -1.254104 
   317000.0000  -1.542810   0.291459  -1.251350 
   317500.0000  -1.547775   0.296988  -1.250787 
   318000.0000  -1.539807   0.287241  -1.252566 
   318500.0000  -1.546072   0.290242  -1.255830 
   319000.0000  -1.533338   0.299853  -1.233485 
   319500.0000  -1.538402   0.292135  -1.246267 
   320000.0000  -1.534784   0.290256  -1.244528 
   320500.0000  -1.548935   0.292488  -1.256447 
   321000.0000  -1.539697   0.292317  -1.247380 
   321500.0000  -1.537111   0.293271  -1.243839 
   322000.0000  -1.538125   0.299870  -1.238255 
   322500.0000  -1.540267   0.293267  -1.246999 
   323000.0000  -1.543060   0.297294  -1.245766 
   323500.0000  -1.545998   0.294658  -1.251340 
   324000.0000  -1.539772   0.296055  -1.243717 
   324500.0000  -1.549369   0.301743  -1.247626 
   325000.0000  -1.540419   0.292573  -1.247846 
   325500.0000  -1.540713   0.298262  -1.242451 
   326000.0000  -1.540214   0.295168  -1.245046 
   326500.0000  -1.536430   0.294595  -1.241834 
   327000.0000  -1.542619   0.294899  -1.247720 
   327500.0000  -1.536739   0.305812  -1.230927 
   328000.0000  -1.541290   0.294707  -1.246584 
   328500.0000  -1.541611   0.292649  -1.248962 
   329000.0000  -1.543148   0.289040  -1.254108 
   329500.0000  -1.548619   0.302233  -1.246386 
   330000.0000  -1.550048   0.290697  -1.259351 
   330500.0000  -1.540380   0.293704  -1.246676 
   331000.0000  -1.541086   0.296839  -1.244247 
   331500.0000  -1.542985   0.288690  -1.254295 
   332000.0000  -1.541605   0.294544  -1.247061 
   332500.0000  -1.541004   0.294937  -1.246067 
   333000.0000  -1.550004   0.296647  -1.253357 
   333500.0000  -1.529023   0.298115  -1.230909 
   334000.0000  -1.538329   0.291089  -1.247241 
   334500.0000  -1.542446   0.290759  -1.251687 
   335000.0000  -1.545165   0.287069  -1.258096 
   335500.0000  -1.542930   0.293247  -1.249683 
   336000.0000  -1.534545   0.295947  -1.238597 
   336500.0000  -1.530680   0.294239  -1.236441 
   337000.0000  -1.540121   0.297525  -1.242596 
   337500.0000  -1.542657   0.294868  -1.247789 
   338000.0000  -1.546651   0.289372  -1.257279 
   338500.0000  -1.543540   0.295234  -1.248306 
   339000.0000  -1.542219   0.298729  -1.243490 
   339500.0000  -1.533121   0.291343  -1.241778 
   340000.0000  -1.541227   0.296906  -1.244321 
   340500.0000  -1.538119   0.297974  -1.240145 
   341000.0000  -1.539719   0.301535  -1.238185 
   341500.0000  -1.545082   0.292367  -1.252715 
   342000.0000  -1.546502   0.291731  -1.254772 
   342500.0000  -1.544444   0.291641  -1.252803 
   343000.0000  -1.534509   0.287834  -1.246675 
   343500.0000  -1.534100   0.292207  -1.241893 
   344000.0000  -1.543286   0.289359  -1.253927 
   344500.0000  -1.540395   0.303012  -1.237383 
   345000.0000  -1.535877   0.297322  -1.238555 
   345500.0000  -1.545516   0.295478  -1.250039 
   346000.0000  -1.543816   0.297451  -1.246365 
   346500.0000  -1.537160   0.294153  -1.243006 
   347000.0000  -1.539939   0.295707  -1.244232 
   347500.0000  -1.541850   0.297486  -1.244364 
   348000.0000  -1.541291   0.291719  -1.249573 
   348500.0000  -1.545419   0.297962  -1.247457 
   349000.0000  -1.543834   0.297630  -1.246204 
   349500.0000  -1.533615   0.292251  -1.241364 
   350000.0000  -1.542059   0.291956  -1.250103 
   350500.0000  -1.543728   0.293480  -1.250248 
   351000.0000  -1.538429   0.289349  -1.249080 
   351500.0000  -1.545520   0.293057  -1.252463 
   352000.0000  -1.537751   0.286707  -1.251044 
   352500.0000  -1.543652   0.295760  -1.247892 
   353000.0000  -1.544127   0.292127  -1.252000 
   353500.0000  -1.539231   0.294882  -1.244349 
   354000.0000  -1.542221   0.296599  -1.245622 
   354500.0000  -1.541475   0.294656  -1.246819 
   355000.0000  -1.541805   0.295573  -1.246232 
   355500.0000  -1.540845   0.293947  -1.246898 
   356000.0000  -1.542737   0.287129  -1.255608 
   356500.0000  -1.541375   0.291327  -1.250048 
   357000.0000  -1.541966   0.297041  -1.244926 
   357500.0000  -1.541763   0.293364  -1.248399 
   358000.0000  -1.536885   0.299467  -1.237418 
   358500.0000  -1.537788   0.295913  -1.241875 
   359000.0000  -1.536339   0.290640  -1.245700 
   359500.0000  -1.545764   0.292823  -1.252941 
   360000.0000  -1.544244   0.297558  -1.246686 
   360500.0000  -1.546654   0.293421  -1.253233 
   361000.0000  -1.541781   0.294191  -1.247589 
   361500.0000  -1.538435   0.296389  -1.242045 
   362000.0000  -1.549022   0.292182  -1.256839 
   362500.0000  -1.538669   0.294562  -1.244107 
   363000.0000  -1.545892   0.296658  -1.249234 
   363500.0000  -1.538215   0.288938  -1.249277 
   364000.0000  -1.539521   0.295048  -1.244473 
   364500.0000  -1.540603   0.290002  -1.250601 
   365000.0000  -1.537638   0.291133  -1.246505 
   365500.0000  -1.534160   0.288171  -1.245989 
   366000.0000  -1.535346   0.296999  -1.238347 
   366500.0000  -1.546494   0.292336  -1.254157 
   367000.0000  -1.532712   0.291509  -1.241203 
   367500.0000  -1.536912   0.298141  -1.238771 
   368000.0000  -1.535439   0.294609  -1.240830 
   368500.0000  -1.535457   0.288919  -1.246538 
   369000.0000  -1.540611   0.301064  -1.239547 
   369500.0000  -1.538106   0.292554  -1.245552 
   370000.0000  -1.543053   0.297212  -1.245841 
   370500.0000  -1.540965   0.296509  -1.244456 
   371000.0000  -1.538803   0.294012  -1.244792 
   371500.0000  -1.543274   0.293918  -1.249357 
   372000.0000  -1.545154   0.293721  -1.251433 
   372500.0000  -1.542341   0.293231  -1.249111 
   373000.0000  -1.544454   0.296062  -1.248391 
   373500.0000  -1.545579   0.298462  -1.247117 
   374000.0000  -1.543256   0.294181  -1.249075 
   374500.0000  -1.537608   0.290042  -1.247566 
   375000.0000  -1.536707   0.285915  -1.250792 
   375500.0000  -1.539759   0.294985  -1.244775 
   376000.0000  -1.538054   0.295811  -1.242243 
   376500.0000  -1.536894   0.292206  -1.244688 
   377000.0000  -1.543888   0.296381  -1.247507 
   377500.0000  -1.539391   0.295740  -1.243651 
   378000.0000  -1.536612   0.289082  -1.247531 
   378500.0000  -1.535867   0.289542  -1.246324 
   379000.0000  -1.544177   0.293016  -1.251162 
   379500.0000  -1.539338   0.291944  -1.247393 
   380000.0000  -1.536647   0.291542  -1.245105 
   380500.0000  -1.540059   0.294796  -1.245262 
   381000.0000  -1.554308   0.298900  -1.255408 
   381500.0000  -1.548461   0.299051  -1.249410 
   382000.0000  -1.548787   0.296066  -1.252721 
   382500.0000  -1.544655   0.293767  -1.250888 
   383000.0000  -1.538068   0.290945  -1.247122 
   383500.0000  -1.541195   0.297461  -1.243733 
   384000.0000  -1.539726   0.293862  -1.245864 
   384500.0000  -1.546226   0.293354  -1.252873 
   385000.0000  -1.540682   0.291764  -1.248918 
   385500.0000  -1.536025   0.292261  -1.243763 
   386000.0000  -1.539127   0.296867  -1.242260 
   386500.0000  -1.536817   0.294088  -1.242729 
   387000.0000  -1.541893   0.293924  -1.247968 
   387500.0000  -1.537659   0.294696  -1.242964 
   388000.0000  -1.539079   0.297015  -1.242064 
   388500.0000  -1.544276   0.295142  -1.249135 
   389000.0000  -1.540320   0.290298  -1.250022 
   389500.0000  -1.544433   0.289243  -1.255191 
   390000.0000  -1.538369   0.299775  -1.238594 
   390500.0000  -1.537806   0.293057  -1.244749 
   391000.0000  -1.537312   0.292787  -1.244525 
   391500.0000  -1.536885   0.286261  -1.250624 
   392000.0000  -1.539040   0.295578  -1.243462 
   392500.0000  -1.541829   0.290444  -1.251386 
   393000.0000  -1.538807   0.290348  -1.248459 
   393500.0000  -1.538887   0.298788  -1.240100 
   394000.0000  -1.535596   0.305667  -1.229930 
   394500.0000  -1.539258   0.290718  -1.248541 
   395000.0000  -1.537301   0.297915  -1.239386 
   395500.0000  -1.537541   0.291877  -1.245665 
   396000.0000  -1.535414   0.292572  -1.242842 
   396500.0000  -1.543271   0.298304  -1.244967 
   397000.0000  -1.540517   0.294976  -1.245541 
   397500.0000  -1.544148   0.292580  -1.251568 
   398000.0000  -1.534593   0.296400  -1.238193 
   398500.0000  -1.544998   0.292544  -1.252455 
   399000.0000  -1.537941   0.292080  -1.245861 
   399500.0000  -1.534123   0.300160  -1.233963 
   400000.0000  -1.543772   0.292759  -1.251012 
   400500.0000  -1.538365   0.295444  -1.242921 
   401000.0000  -1.534448   0.299699  -1.234749 
   401500.0000  -1.533314   0.295790  -1.237524 
   402000.0000  -1.541196   0.291849  -1.249347 
   402500.0000  -1.538157   0.294836  -1.243320 
   403000.0000  -1.538364   0.290178  -1.248185 
   403500.0000  -1.542117   0.296537  -1.245580 
   404000.0000  -1.539764   0.284557  -1.255208 
   404500.0000  -1.541169   0.297612  -1.243557 
   405000.0000  -1.537530   0.302346  -1.235184 
   405500.0000  -1.542259   0.295682  -1.246577 
   406000.0000  -1.534065   0.293162  -1.240903 
   406500.0000  -1.539111   0.296116  -1.242995 
   407000.0000  -1.538683   0.293601  -1.245082 
   407500.0000  -1.536732   0.297224  -1.239508 
   408000.0000  -1.536702   0.295796  -1.240907 
   408500.0000  -1.535358   0.294768  -1.240590 
   409000.0000  -1.541440   0.290390  -1.251050 
   409500.0000  -1.539587   0.296340  -1.243247 
   410000.0000  -1.540368   0.293372  -1.246996 
   410500.0000  -1.535491   0.294352  -1.241139 
   411000.0000  -1.542373   0.291198  -1.251175 
   411500.0000  -1.541671   0.295875  -1.245797 
   412000.0000  -1.546617   0.300885  -1.245732 
   412500.0000  -1.532820   0.292849  -1.239972 
   413000.0000  -1.543779   0.295340  -1.248439 
   413500.0000  -1.545951   0.289226  -1.256725 
   414000.0000  -1.546266   0.296963  -1.249303 
   414500.0000  -1.543387   0.298642  -1.244746 
   415000.0000  -1.541128   0.292093  -1.249035 
   415500.0000  -1.544444   0.288071  -1.256374 
   416000.0000  -1.535409   0.289427  -1.245982 
   416500.0000  -1.545217   0.292453  -1.252765 
   417000.0000  -1.535257   0.293366  -1.241892 
   417500.0000  -1.543772   0.292698  -1.251074 
   418000.0000  -1.538392   0.294409  -1.243982 
   418500.0000  -1.546476   0.293542  -1.252934 
   419000.0000  -1.540965   0.296315  -1.244650 
   419500.0000  -1.538664   0.288065  -1.250600 
   420000.0000  -1.535691   0.299204  -1.236487 
   420500.0000  -1.540812   0.297296  -1.243516 
   421000.0000  -1.538337   0.294647  -1.243690 
   421500.0000  -1.549509   0.285646  -1.263863 
   422000.0000  -1.551567   0.291474  -1.260094 
   422500.0000  -1.534494   0.295641  -1.238852 
   423000.0000  -1.546515   0.295698  -1.250816 
   423500.0000  -1.551957   0.294899  -1.257058 
   424000.0000  -1.540518   0.292798  -1.247720 
   424500.0000  -1.539715   0.288324  -1.251391 
   425000.0000  -1.545168   0.292816  -1.252352 
   425500.0000  -1.539336   0.294367  -1.244970 
   426000.0000  -1.538754   0.294032  -1.244722 
   426500.0000  -1.541867   0.291898  -1.249968 
   427000.0000  -1.546182   0.291681  -1.254501 
   427500.0000  -1.541787   0.298542  -1.243245 
   428000.0000  -1.536173   0.286652  -1.249521 
   428500.0000  -1.541263   0.293842  -1.247421 
   429000.0000  -1.540978   0.290345  -1.250633 
   429500.0000  -1.548959   0.299001  -1.249958 
   430000.0000  -1.535107   0.291443  -1.243664 
   430500.0000  -1.539227   0.291853  -1.247375 
   431000.0000  -1.533430   0.293917  -1.239513 
   431500.0000  -1.539863   0.290978  -1.248885 
   432000.0000  -1.540871   0.297213  -1.243657 
   432500.0000  -1.532478   0.297152  -1.235325 
   433000.0000  -1.537745   0.291546  -1.246199 
   433500.0000  -1.532132   0.294359  -1.237773 
   434000.0000  -1.539143   0.289267  -1.249877 
   434500.0000  -1.540200   0.296141  -1.244059 
   435000.0000  -1.547199   0.289591  -1.257609 
   435500.0000  -1.537990   0.298626  -1.239365 
   436000.0000  -1.532565   0.289747  -1.242818 
   436500.0000  -1.547921   0.290889  -1.257033 
   437000.0000  -1.545720   0.291500  -1.254220 
   437500.0000  -1.544452   0.297689  -1.246763 
   438000.0000  -1.543227   0.299431  -1.243796 
   438500.0000  -1.543312   0.293092  -1.250221 
   439000.0000  -1.542399   0.292846  -1.249553 
   439500.0000  -1.537711   0.296317  -1.241394 
   440000.0000  -1.534952   0.297753  -1.237199 
   440500.0000  -1.537396   0.295483  -1.241913 
   441000.0000  -1.544629   0.297986  -1.246643 
   441500.0000  -1.547423   0.293067  -1.254356 
   442000.0000  -1.547198   0.300135  -1.247063 
   442500.0000  -1.545824   0.294093  -1.251731 
   443000.0000  -1.545855   0.299104  -1.246751 
   443500.0000  -1.532163   0.296278  -1.235884 
   444000.0000  -1.540935   0.293861  -1.247074 
   444500.0000  -1.545477   0.291837  -1.253640 
   445000.0000  -1.538126   0.295463  -1.242664 
   445500.0000  -1.541866   0.295401  -1.246465 
   446000.0000  -1.539630   0.298366  -1.241264 
   446500.0000  -1.538768   0.295694  -1.243074 
   447000.0000  -1.532258   0.296463  -1.235795 
   447500.0000  -1.542934   0.298698  -1.244236 
   448000.0000  -1.538614   0.291136  -1.247478 
   448500.0000  -1.540110   0.292963  -1.247148 
   449000.0000  -1.542242   0.292401  -1.249841 
   449500.0000  -1.542004   0.290047  -1.251957 
   450000.0000  -1.542662   0.288201  -1.254460 
   450500.0000  -1.540541   0.287784  -1.252756 
   451000.0000  -1.536914   0.290114  -1.246800 
   451500.0000  -1.538123   0.294036  -1.244088 
   452000.0000  -1.541056   0.297937  -1.243119 
   452500.0000  -1.537156   0.291998  -1.245158 
   453000.0000  -1.544878   0.295407  -1.249471 
   453500.0000  -1.541269   0.292259  -1.249009 
   454000.0000  -1.545634   0.296766  -1.248868 
   454500.0000  -1.544008   0.293851  -1.250157 
   455000.0000  -1.532761   0.292962  -1.239799 
   455500.0000  -1.540051   0.292377  -1.247674 
   456000.0000  -1.540485   0.296012  -1.244473 
   456500.0000  -1.545602   0.289588  -1.256014 
   457000.0000  -1.548040   0.292610  -1.255430 
   457500.0000  -1.531833   0.292903  -1.238930 
   458000.0000  -1.544394   0.291467  -1.252927 
   458500.0000  -1.533514   0.300359  -1.233155 
   459000.0000  -1.537630   0.294585  -1.243045 
   459500.0000  -1.535989   0.293768  -1.242221 
   460000.0000  -1.538092   0.295587  -1.242505 
   460500.0000  -1.535473   0.293294  -1.242179 
   461000.0000  -1.539445   0.295926  -1.243519 
   461500.0000  -1.542831   0.295878  -1.246953 
   462000.0000  -1.536217   0.299485  -1.236731 
   462500.0000  -1.537297   0.290595  -1.246702 
   463000.0000  -1.538252   0.294159  -1.244093 
   463500.0000  -1.535429   0.293375  -1.242054 
   464000.0000  -1.534926   0.298611  -1.236315 
   464500.0000  -1.539712   0.296055  -1.243657 
   465000.0000  -1.548199   0.297897  -1.250301 
   465500.0000  -1.536856   0.294955  -1.241901 
   466000.0000  -1.543804   0.299368  -1.244436 
   466500.0000  -1.543745   0.293282  -1.250464 
   467000.0000  -1.540089   0.293819  -1.246270 
   467500.0000  -1.548327   0.297251  -1.251076 
   468000.0000  -1.545945   0.296741  -1.249203 
   468500.0000  -1.543704   0.288595  -1.255109 
   469000.0000  -1.545941   0.291439  -1.254502 
   469500.0000  -1.541842   0.294205  -1.247637 
   470000.0000  -1.542381   0.295184  -1.247197 
   470500.0000  -1.539037   0.293142  -1.245894 
   471000.0000  -1.539518   0.289898  -1.249619 
   471500.0000  -1.540034   0.296719  -1.243315 
   472000.0000  -1.540420   0.296014  -1.244406 
   472500.0000  -1.539080   0.290822  -1.248258 
   473000.0000  -1.545801   0.293660  -1.252141 
   473500.0000  -1.536527   0.300937  -1.235590 
   474000.0000  -1.539509   0.295209  -1.244299 
   474500.0000  -1.536781   0.285945  -1.250836 
   475000.0000  -1.545236   0.295625  -1.249611 
   475500.0000  -1.537435   0.297005  -1.240430 
   476000.0000  -1.530257   0.292313  -1.237944 
   476500.0000  -1.531862   0.292806  -1.239056 
   477000.0000  -1.530882   0.301967  -1.228915 
   477500.0000  -1.541641   0.289708  -1.251932 
   478000.0000  -1.541392   0.292237  -1.249155 
   478500.0000  -1.539810   0.294474  -1.245336 
   479000.0000  -1.540353   0.298554  -1.241799 
   479500.0000  -1.535879   0.298140  -1.237739 
   480000.0000  -1.541508   0.292399  -1.249109 
   480500.0000  -1.540036   0.292391  -1.247645 
   481000.0000  -1.539004   0.293365  -1.245639 
   481500.0000  -1.528794   0.300297  -1.228497 
   482000.0000  -1.539380   0.292856  -1.246524 
   482500.0000  -1.538956   0.297826  -1.241130 
   483000.0000  -1.541234   0.292756  -1.248478 
   483500.0000  -1.542373   0.291449  -1.250925 
   484000.0000  -1.538972   0.294038  -1.244934 
   484500.0000  -1.540993   0.293081  -1.247912 
   485000.0000  -1.541979   0.297132  -1.244846 
   485500.0000  -1.546162   0.283384  -1.262778 
   486000.0000  -1.547616   0.296044  -1.251573 
   486500.0000  -1.539519   0.295705  -1.243814 
   487000.0000  -1.545444   0.291961  -1.253482 
   487500.0000  -1.534968   0.293349  -1.241619 
   488000.0000  -1.541355   0.291069  -1.250286 
   488500.0000  -1.548390   0.294177  -1.254213 
   489000.0000  -1.540884   0.294251  -1.246633 
   489500.0000  -1.542485   0.295770  -1.246715 
   490000.0000  -1.541266   0.294603  -1.246663 
   490500.0000  -1.540408   0.290212  -1.250195 
   491000.0000  -1.538549   0.292253  -1.246296 
   491500.0000  -1.542580   0.289946  -1.252635 
   492000.0000  -1.542455   0.296470  -1.245985 
   492500.0000  -1.537632   0.301390  -1.236241 
   493000.0000  -1.544842   0.291034  -1.253808 
   493500.0000  -1.539459   0.294673  -1.244786 
   494000.0000  -1.537129   0.291889  -1.245240 
   494500.0000  -1.537902   0.294222  -1.243680 
   495000.0000  -1.541845   0.295081  -1.246764 
   495500.0000  -1.547101   0.294333  -1.252769 
   496000.0000  -1.545001   0.296659  -1.248342 
   496500.0000  -1.549169   0.293389  -1.255780 
   497000.0000  -1.534105   0.301742  -1.232363 
   497500.0000  -1.540639   0.282260  -1.258379 
   498000.0000  -1.542245   0.294241  -1.248004 
   498500.0000  -1.534233   0.298145  -1.236088 
   499000.0000  -1.542733   0.296423  -1.246310 
   499500.0000  -1.546038   0.288404  -1.257633 
   500000.0000  -1.552238   0.292972  -1.259266 
   500500.0000  -1.540725   0.293665  -1.247059 
   501000.0000  -1.538360   0.299497  -1.238863 
   501500.0000  -1.543751   0.287653  -1.256098 
   502000.0000  -1.541154   0.298391  -1.242762 
   502500.0000  -1.532478   0.296445  -1.236034 
   503000.0000  -1.535338   0.298430  -1.236908 
   503500.0000  -1.535740   0.290782  -1.244958 
   504000.0000  -1.544654   0.297286  -1.247368 
   504500.0000  -1.537008   0.295955  -1.241053 
   505000.0000  -1.537190   0.291747  -1.245443 
   505500.0000  -1.546736   0.297435  -1.249301 
   506000.0000  -1.538208   0.295446  -1.242762 
   506500.0000  -1.541901   0.295966  -1.245935 
   507000.0000  -1.540105   0.295220  -1.244885 
   507500.0000  -1.541446   0.293270  -1.248176 
   508000.0000  -1.534326   0.291824  -1.242502 
   508500.0000  -1.542925   0.305155  -1.237771 
   509000.0000  -1.539254   0.285983  -1.253271 
   509500.0000  -1.541622   0.295724  -1.245898 
   510000.0000  -1.544481   0.293908  -1.250573 
   510500.0000  -1.541830   0.289317  -1.252513 
   511000.0000  -1.545393   0.294808  -1.250584 
   511500.0000  -1.546527   0.295688  -1.250839 
   512000.0000  -1.536657   0.294482  -1.242175 
   512500.0000  -1.541319   0.294592  -1.246727 
   513000.0000  -1.542450   0.290937  -1.251513 
   513500.0000  -1.530340   0.296510  -1.233830 
   514000.0000  -1.537848   0.293128  -1.244721 
   514500.0000  -1.532480   0.297904  -1.234575 
   515000.0000  -1.528173   0.297455  -1.230718 
   515500.0000  -1.539046   0.297548  -1.241498 
   516000.0000  -1.537690   0.294968  -1.242722 
   516500.0000  -1.537958   0.292677  -1.245282 
   517000.0000  -1.539650   0.291082  -1.248568 
   517500.0000  -1.546519   0.286807  -1.259712 
   518000.0000  -1.545902   0.301444  -1.244458 
   518500.0000  -1.533046   0.298751  -1.234295 
   519000.0000  -1.540559   0.298131  -1.242428 
   519500.0000  -1.541431   0.287127  -1.254303 
   520000.0000  -1.547640   0.290406  -1.257234 
   520500.0000  -1.531737   0.288803  -1.242934 
   521000.0000  -1.541232   0.295653  -1.245579 
   521500.0000  -1.539881   0.294856  -1.245025 
   522000.0000  -1.548098   0.297543  -1.250555 
   522500.0000  -1.540122   0.296547  -1.243575 
   523000.0000  -1.541460   0.292382  -1.249078 
   523500.0000  -1.539765   0.293422  -1.246343 
   524000.0000  -1.538193   0.296061  -1.242133 
   524500.0000  -1.536439   0.289071  -1.247368 
   525000.0000  -1.543855   0.296542  -1.247313 
   525500.0000  -1.538499   0.291217  -1.247283 
   526000.0000  -1.538822   0.295928  -1.242894 
   526500.0000  -1.540617   0.294362  -1.246255 
   527000.0000  -1.548508   0.296504  -1.252004 
   527500.0000  -1.543347   0.292793  -1.250554 
   528000.0000  -1.546882   0.294793  -1.252088 
   528500.0000  -1.537780   0.295207  -1.242573 
   529000.0000  -1.543784   0.290008  -1.253776 
   529500.0000  -1.539048   0.295668  -1.243379 
   530000.0000  -1.542540   0.292674  -1.249866 
   530500.0000  -1.537824   0.296231  -1.241593 
   531000.0000  -1.545364   0.293047  -1.252317 
   531500.0000  -1.532092   0.293015  -1.239078 
   532000.0000  -1.543517   0.293649  -1.249868 
   532500.0000  -1.546895   0.290222  -1.256672 
   533000.0000  -1.543523   0.296881  -1.246642 
   533500.0000  -1.544399   0.290359  -1.254040 
   534000.0000  -1.540602   0.295567  -1.245035 
   534500.0000  -1.539943   0.302162  -1.237780 
   535000.0000  -1.544198   0.299800  -1.244398 
   535500.0000  -1.546964   0.297931  -1.249033 
   536000.0000  -1.541624   0.296811  -1.244813 
   536500.0000  -1.540864   0.295612  -1.245252 
   537000.0000  -1.538895   0.289086  -1.249809 
   537500.0000  -1.544174   0.287502  -1.256672 
   538000.0000  -1.542348   0.291484  -1.250864 
   538500.0000  -1.534226   0.290546  -1.243680 
   539000.0000  -1.539727   0.297000  -1.242727 
   539500.0000  -1.543488   0.297817  -1.245672 
   540000.0000  -1.535244   0.293668  -1.241575 
   540500.0000  -1.540506   0.299706  -1.240800 
   541000.0000  -1.540784   0.294257  -1.246527 
   541500.0000  -1.539249   0.287874  -1.251375 
   542000.0000  -1.545263   0.286898  -1.258366 
   542500.0000  -1.542170   0.296069  -1.246101 
   543000.0000  -1.546942   0.293838  -1.253104 
   543500.0000  -1.541183   0.295606  -1.245577 
   544000.0000  -1.538100   0.297506  -1.240595 
   544500.0000  -1.543819   0.291985  -1.251834 
   545000.0000  -1.540598   0.291014  -1.249585 
   545500.0000  -1.540574   0.293322  -1.247252 
   546000.0000  -1.537636   0.295489  -1.242147 
   546500.0000  -1.541835   0.292978  -1.248857 
   547000.0000  -1.543485   0.291177  -1.252308 
   547500.0000  -1.538921   0.284057  -1.254863 
   548000.0000  -1.536248   0.296772  -1.239476 
   548500.0000  -1.544944   0.295510  -1.249434 
   549000.0000  -1.541157   0.299102  -1.242055 
   549500.0000  -1.546715   0.299717  -1.246998 
   550000.0000  -1.537320   0.294184  -1.243137 
   550500.0000  -1.549423   0.296819  -1.252604 
   551000.0000  -1.546603   0.294268  -1.252335 
   551500.0000  -1.542467   0.290526  -1.251942 
   552000.0000  -1.540402   0.292225  -1.248177 
   552500.0000  -1.539472   0.294829  -1.244643 
   553000.0000  -1.541710   0.291845  -1.249865 
   553500.0000  -1.538941   0.288162  -1.250778 
   554000.0000  -1.541061   0.295570  -1.245492 
   554500.0000  -1.541840   0.296463  -1.245376 
   555000.0000  -1.542829   0.292022  -1.250807 
   555500.0000  -1.547231   0.286998  -1.260234 
   556000.0000  -1.537872   0.294351  -1.243521 
   556500.0000  -1.539817   0.295434  -1.244382 
   557000.0000  -1.536502   0.302698  -1.233804 
   557500.0000  -1.537855   0.297364  -1.240491 
   558000.0000  -1.542520   0.295220  -1.247300 
   558500.0000  -1.546631   0.296136  -1.250494 
   559000.0000  -1.538768   0.291507  -1.247262 
   559500.0000  -1.544505   0.294114  -1.250391 
   560000.0000  -1.537615   0.291704  -1.245910 
   560500.0000  -1.552126   0.297623  -1.254503 
   561000.0000  -1.542902   0.294751  -1.248150 
   561500.0000  -1.532316   0.291376  -1.240940 
   562000.0000  -1.544856   0.293273  -1.251583 
   562500.0000  -1.539787   0.297649  -1.242137 
   563000.0000  -1.542507   0.296393  -1.246113 
   563500.0000  -1.544301   0.293359  -1.250942 
   564000.0000  -1.538614   0.295823  -1.242791 
   564500.0000  -1.530266   0.288523  -1.241743 
   565000.0000  -1.546757   0.293432  -1.253325 
   565500.0000  -1.529902   0.294803  -1.235099 
   566000.0000  -1.540890   0.292345  -1.248546 
   566500.0000  -1.537609   0.293165  -1.244444 
   567000.0000  -1.540184   0.292651  -1.247533 
   567500.0000  -1.535336   0.298009  -1.237327 
   568000.0000  -1.546162   0.294811  -1.251351 
   568500.0000  -1.538193   0.294649  -1.243544 
   569000.0000  -1.542404   0.289695  -1.252709 
   569500.0000  -1.542056   0.291030  -1.251026 
   570000.0000  -1.546930   0.298203  -1.248727 
   570500.0000  -1.537642   0.297110  -1.240533 
   571000.0000  -1.538241   0.292412  -1.245829 
   571500.0000  -1.537254   0.288330  -1.248924 
   572000.0000  -1.537935   0.293967  -1.243969 
   572500.0000  -1.545302   0.294403  -1.250899 
   573000.0000  -1.540754   0.293825  -1.246929 
   573500.0000  -1.541999   0.296759  -1.245240 
   574000.0000  -1.539367   0.292238  -1.247128 
   574500.0000  -1.542065   0.292499  -1.249566 
   575000.0000  -1.546172   0.297481  -1.248691 
   575500.0000  -1.543641   0.292729  -1.250912 
   576000.0000  -1.544010   0.296193  -1.247817 
   576500.0000  -1.539431   0.298132  -1.241299 
   577000.0000  -1.547204   0.294227  -1.252976 
   577500.0000  -1.541510   0.294926  -1.246585 
   578000.0000  -1.546661   0.296097  -1.250564 
   578500.0000  -1.534087   0.299555  -1.234532 
   579000.0000  -1.533375   0.293131  -1.240245 
   579500.0000  -1.538941   0.298998  -1.239942 
   580000.0000  -1.541652   0.298807  -1.242846 
   580500.0000  -1.534992   0.293242  -1.241749 
   581000.0000  -1.539549   0.297140  -1.242409 
   581500.0000  -1.537583   0.293974  -1.243609 
   582000.0000  -1.545953   0.291001  -1.254951 
   582500.0000  -1.542598   0.294622  -1.247976 
   583000.0000  -1.535914   0.301545  -1.234369 
   583500.0000  -1.544794   0.294886  -1.249908 
   584000.0000  -1.545096   0.293372  -1.251724 
   584500.0000  -1.545571   0.294109  -1.251463 
   585000.0000  -1.542325   0.289415  -1.252910 
   585500.0000  -1.541133   0.300168  -1.240965 
   586000.0000  -1.545840   0.297188  -1.248651 
   586500.0000  -1.543871   0.294979  -1.248892 
   587000.0000  -1.541542   0.290627  -1.250915 
   587500.0000  -1.542530   0.285183  -1.257347 
   588000.0000  -1.549307   0.292981  -1.256326 
   588500.0000  -1.545104   0.298403  -1.246701 
   589000.0000  -1.541629   0.294207  -1.247422 
   589500.0000  -1.538764   0.293897  -1.244867 
   590000.0000  -1.544472   0.300514  -1.243958 
   590500.0000  -1.537423   0.296249  -1.241175 
   591000.0000  -1.537595   0.290001  -1.247594 
   591500.0000  -1.537514   0.291145  -1.246370 
   592000.0000  -1.543246   0.297900  -1.245346 
   592500.0000  -1.533712   0.292415  -1.241298 
   593000.0000  -1.542198   0.302242  -1.239956 
   593500.0000  -1.539179   0.294252  -1.244927 
   594000.0000  -1.530223   0.293341  -1.236882 
   594500.0000  -1.531742   0.295725  -1.236016 
   595000.0000  -1.538944   0.290248  -1.248696 
   595500.0000  -1.545105   0.293403  -1.251702 
   596000.0000  -1.543958   0.292413  -1.251545 
   596500.0000  -1.533958   0.292084  -1.241874 
   597000.0000  -1.538952   0.289043  -1.249909 
   597500.0000  -1.542550   0.296077  -1.246473 
   598000.0000  -1.541307   0.302650  -1.238657 
   598500.0000  -1.543924   0.297863  -1.246061 
   599000.0000  -1.534511   0.300417  -1.234094 
   599500.0000  -1.535867   0.295669  -1.240198 
   600000.0000  -1.539555   0.290292  -1.249263 
   600500.0000  -1.539868   0.291417  -1.248450 
   601000.0000  -1.535794   0.291781  -1.244013 
   601500.0000  -1.534949   0.298477  -1.236473 
   602000.0000  -1.541065   0.284424  -1.256641 
   602500.0000  -1.542901   0.292937  -1.249964 
   603000.0000  -1.542176   0.294555  -1.247620 
   603500.0000  -1.546292   0.299107  -1.247185 
   604000.0000  -1.534057   0.298016  -1.236041 
   604500.0000  -1.543303   0.289333  -1.253969 
   605000.0000  -1.547590   0.296305  -1.251285 
   605500.0000  -1.538373   0.293658  -1.244715 
   606000.0000  -1.542134   0.294582  -1.247551 
   606500.0000  -1.547458   0.295625  -1.251833 
   607000.0000  -1.533937   0.290451  -1.243486 
   607500.0000  -1.534041   0.296473  -1.237567 
   608000.0000  -1.543066   0.286969  -1.256097 
   608500.0000  -1.535405   0.292639  -1.242766 
   609000.0000  -1.541182   0.293468  -1.247714 
   609500.0000  -1.543645   0.294878  -1.248767 
   610000.0000  -1.546633   0.293999  -1.252634 
   610500.0000  -1.537872   0.294125  -1.243746 
   611000.0000  -1.539459   0.290920  -1.248539 
   611500.0000  -1.540522   0.293404  -1.247118 
   612000.0000  -1.540891   0.302224  -1.238667 
   612500.0000  -1.539990   0.301381  -1.238609 
   613000.0000  -1.538314   0.286524  -1.251790 
   613500.0000  -1.547257   0.293423  -1.253835 
   614000.0000  -1.542451   0.295226  -1.247225 
   614500.0000  -1.542136   0.291636  -1.250500 
   615000.0000  -1.537348   0.291839  -1.245509 
   615500.0000  -1.539099   0.290841  -1.248258 
   616000.0000  -1.541325   0.293883  -1.247442 
   616500.0000  -1.536893   0.288353  -1.248540 
   617000.0000  -1.540317   0.295637  -1.244680 
   617500.0000  -1.535867   0.296942  -1.238925 
   618000.0000  -1.543312   0.298645  -1.244667 
   618500.0000  -1.542742   0.295018  -1.247723 
   619000.0000  -1.542129   0.292187  -1.249942 
   619500.0000  -1.532339   0.294227  -1.238112 
   620000.0000  -1.543484   0.295521  -1.247963 
   620500.0000  -1.538959   0.295867  -1.243092 
   621000.0000  -1.535346   0.301578  -1.233769 
   621500.0000  -1.542546   0.297776  -1.244770 
   622000.0000  -1.541714   0.299046  -1.242667 
   622500.0000  -1.538757   0.292240  -1.246516 
   623000.0000  -1.538763   0.296303  -1.242460 
   623500.0000  -1.537660   0.299767  -1.237894 
   624000.0000  -1.546909   0.295929  -1.250981 
   624500.0000  -1.539811   0.293354  -1.246457 
   625000.0000  -1.537864   0.296187  -1.241677 
   625500.0000  -1.536030   0.300740  -1.235290 
   626000.0000  -1.544803   0.296245  -1.248558 
   626500.0000  -1.536413   0.290910  -1.245503 
   627000.0000  -1.539809   0.293633  -1.246177 
   627500.0000  -1.536928   0.296932  -1.239996 
   628000.0000  -1.539757   0.290949  -1.248808 
   628500.0000  -1.541481   0.296100  -1.245382 
   629000.0000  -1.541555   0.289543  -1.252012 
   629500.0000  -1.542782   0.287649  -1.255132 
   630000.0000  -1.541462   0.292870  -1.248591 
   630500.0000  -1.547497   0.294964  -1.252533 
   631000.0000  -1.539192   0.289892  -1.249300 
   631500.0000  -1.539269   0.290854  -1.248415 
   632000.0000  -1.536748   0.292863  -1.243886 
   632500.0000  -1.532918   0.298290  -1.234628 
   633000.0000  -1.537137   0.295618  -1.241520 
   633500.0000  -1.537611   0.290929  -1.246682 
   634000.0000  -1.536034   0.284687  -1.251347 
   634500.0000  -1.549678   0.299785  -1.249893 
   635000.0000  -1.533306   0.294322  -1.238983 
   635500.0000  -1.539155   0.297359  -1.241796 
   636000.0000  -1.545600   0.292618  -1.252982 
   636500.0000  -1.535830   0.288720  -1.247110 
   637000.0000  -1.533210   0.288284  -1.244926 
   637500.0000  -1.538649   0.295719  -1.242931 
   638000.0000  -1.543720   0.295613  -1.248107 
   638500.0000  -1.546576   0.292085  -1.254492 
   639000.0000  -1.548293   0.292821  -1.255472 
   639500.0000  -1.538761   0.295162  -1.243599 
   640000.0000  -1.542268   0.295530  -1.246738 
   640500.0000  -1.547156   0.293302  -1.253854 
   641000.0000  -1.540746   0.298688  -1.242058 
   641500.0000  -1.540072   0.298820  -1.241252 
   642000.0000  -1.544154   0.287461  -1.256693 
   642500.0000  -1.546243   0.295398  -1.250845 
   643000.0000  -1.542166   0.295127  -1.247039 
   643500.0000  -1.545148   0.289850  -1.255298 
   644000.0000  -1.541983   0.296192  -1.245791 
   644500.0000  -1.534625   0.292377  -1.242247 
   645000.0000  -1.542636   0.291552  -1.251084 
   645500.0000  -1.544202   0.291334  -1.252868 
   646000.0000  -1.539819   0.299167  -1.240652 
   646500.0000  -1.543505   0.298783  -1.244722 
   647000.0000  -1.530699   0.291515  -1.239184 
   647500.0000  -1.537831   0.291835  -1.245995 
   648000.0000  -1.537837   0.295310  -1.242527 
   648500.0000  -1.539494   0.294932  -1.244562 
   649000.0000  -1.542659   0.293375  -1.249284 
   649500.0000  -1.543626   0.298751  -1.244875 
   650000.0000  -1.541687   0.288680  -1.253007 
   650500.0000  -1.543278   0.294722  -1.248556 
   651000.0000  -1.545147   0.289329  -1.255817 
   651500.0000  -1.543428   0.293841  -1.249587 
   652000.0000  -1.538923   0.299290  -1.239632 
   652500.0000  -1.538515   0.292270  -1.246245 
   653000.0000  -1.543975   0.295226  -1.248749 
   653500.0000  -1.546329   0.295996  -1.250333 
   654000.0000  -1.540110   0.293189  -1.246921 
   654500.0000  -1.536737   0.295738  -1.240999 
   655000.0000  -1.541834   0.294268  -1.247565 
   655500.0000  -1.547770   0.297459  -1.250310 
   656000.0000  -1.546106   0.286488  -1.259618 
   656500.0000  -1.541187   0.288990  -1.252197 
   657000.0000  -1.543519   0.290738  -1.252781 
   657500.0000  -1.533841   0.295588  -1.238253 
   658000.0000  -1.541835   0.292005  -1.249830 
   658500.0000  -1.545031   0.295051  -1.249981 
   659000.0000  -1.539930   0.296813  -1.243118 
   659500.0000  -1.548051   0.289757  -1.258294 
   660000.0000  -1.540124   0.294715  -1.245408 
   660500.0000  -1.531176   0.286902  -1.244273 
   661000.0000  -1.534969   0.298061  -1.236908 
   661500.0000  -1.537336   0.294261  -1.243075 
   662000.0000  -1.546018   0.290784  -1.255234 
   662500.0000  -1.543376   0.293923  -1.249453 
   663000.0000  -1.546547   0.297410  -1.249136 
   663500.0000  -1.540782   0.294274  -1.246508 
   664000.0000  -1.544127   0.295363  -1.248763 
   664500.0000  -1.541743   0.290925  -1.250818 
   665000.0000  -1.541129   0.290460  -1.250669 
   665500.0000  -1.536762   0.289561  -1.247201 
   666000.0000  -1.542531   0.299694  -1.242838 
   666500.0000  -1.536623   0.290575  -1.246048 
   667000.0000  -1.542029   0.299833  -1.242196 
   667500.0000  -1.544081   0.290568  -1.253513 
   668000.0000  -1.539769   0.292656  -1.247113 
   668500.0000  -1.539304   0.292677  -1.246626 
   669000.0000  -1.544325   0.289059  -1.255266 
   669500.0000  -1.546239   0.294176  -1.252064 
   670000.0000  -1.540988   0.297089  -1.243899 
   670500.0000  -1.540366   0.294958  -1.245408 
   671000.0000  -1.540825   0.296574  -1.244250 
   671500.0000  -1.537687   0.291241  -1.246446 
   672000.0000  -1.546638   0.291145  -1.255493 
   672500.0000  -1.540532   0.296053  -1.244479 
   673000.0000  -1.538876   0.299599  -1.239277 
   673500.0000  -1.534798   0.292889  -1.241909 
   674000.0000  -1.535273   0.288074  -1.247198 
   674500.0000  -1.546343   0.294309  -1.252034 
   675000.0000  -1.543064   0.294387  -1.248677 
   675500.0000  -1.530777   0.298541  -1.232236 
   676000.0000  -1.537811   0.296899  -1.240912 
   676500.0000  -1.539551   0.293324  -1.246227 
   677000.0000  -1.538575   0.300742  -1.237833 
   677500.0000  -1.546236   0.295725  -1.250511 
   678000.0000  -1.543190   0.295330  -1.247861 
   678500.0000  -1.540367   0.295443  -1.244924 
   679000.0000  -1.550740   0.290560  -1.260181 
   679500.0000  -1.547503   0.294253  -1.253249 
   680000.0000  -1.544787   0.298714  -1.246074 
   680500.0000  -1.543328   0.292960  -1.250368 
   681000.0000  -1.537942   0.293408  -1.244535 
   681500.0000  -1.545213   0.292007  -1.253207 
   682000.0000  -1.553169   0.286595  -1.266574 
   682500.0000  -1.542417   0.292435  -1.249981 
   683000.0000  -1.543228   0.297767  -1.245460 
   683500.0000  -1.544151   0.303937  -1.240214 
   684000.0000  -1.536623   0.292610  -1.244014 
   684500.0000  -1.547063   0.291337  -1.255726 
   685000.0000  -1.539807   0.290873  -1.248933 
   685500.0000  -1.541490   0.302143  -1.239347 
   686000.0000  -1.538145   0.290118  -1.248028 
   686500.0000  -1.529718   0.294135  -1.235583 
   687000.0000  -1.536495   0.292194  -1.244302 
   687500.0000  -1.536715   0.291357  -1.245358 
   688000.0000  -1.545933   0.294833  -1.251100 
   688500.0000  -1.545063   0.297462  -1.247601 
   689000.0000  -1.543453   0.294090  -1.249364 
   689500.0000  -1.538634   0.293556  -1.245078 
   690000.0000  -1.542813   0.300225  -1.242589 
   690500.0000  -1.535144   0.298861  -1.236283 
   691000.0000  -1.537013   0.299959  -1.237054 
   691500.0000  -1.541508   0.294246  -1.247262 
   692000.0000  -1.540654   0.285921  -1.254733 
   692500.0000  -1.530866   0.296139  -1.234728 
   693000.0000  -1.538466   0.290344  -1.248122 
   693500.0000  -1.541722   0.298825  -1.242896 
   694000.0000  -1.557395   0.297282  -1.260114 
   694500.0000  -1.545872   0.289967  -1.255905 
   695000.0000  -1.536063   0.297333  -1.238730 
   695500.0000  -1.544021   0.291343  -1.252678 
   696000.0000  -1.542067   0.296694  -1.245373 
   696500.0000  -1.535996   0.294068  -1.241928 
   697000.0000  -1.545922   0.291813  -1.254109 
   697500.0000  -1.545077   0.297338  -1.247739 
   698000.0000  -1.529404   0.294417  -1.234988 
   698500.0000  -1.541477   0.293987  -1.247490 
   699000.0000  -1.541477   0.293887  -1.247590 
   699500.0000  -1.539300   0.297214  -1.242086 
   700000.0000  -1.537583   0.289417  -1.248166 
   700500.0000  -1.548469   0.291849  -1.256621 
   701000.0000  -1.542773   0.293466  -1.249307 
   701500.0000  -1.541567   0.296549  -1.245018 
   702000.0000  -1.535395   0.297362  -1.238033 
   702500.0000  -1.540141   0.295603  -1.244538 
   703000.0000  -1.544433   0.295440  -1.248993 
   703500.0000  -1.541618   0.301345  -1.240273 
   704000.0000  -1.537764   0.292873  -1.244892 
   704500.0000  -1.547173   0.293293  -1.253880 
   705000.0000  -1.538740   0.298291  -1.240449 
   705500.0000  -1.537466   0.289746  -1.247720 
   706000.0000  -1.540578   0.288414  -1.252164 
   706500.0000  -1.533343   0.288606  -1.244737 
   707000.0000  -1.542295   0.297589  -1.244706 
   707500.0000  -1.532906   0.293525  -1.239381 
   708000.0000  -1.533136   0.294160  -1.238976 
   708500.0000  -1.545310   0.297195  -1.248115 
   709000.0000  -1.540934   0.294147  -1.246786 
   709500.0000  -1.536438   0.289677  -1.246761 
   710000.0000  -1.539090   0.290762  -1.248329 
   710500.0000  -1.534833   0.291769  -1.243065 
   711000.0000  -1.551108   0.293925  -1.257183 
   711500.0000  -1.540173   0.294918  -1.245255 
   712000.0000  -1.536923   0.298829  -1.238095 
   712500.0000  -1.540316   0.299230  -1.241086 
   713000.0000  -1.543672   0.296910  -1.246762 
   713500.0000  -1.543957   0.293121  -1.250836 
   714000.0000  -1.536489   0.288469  -1.248021 
   714500.0000  -1.540091   0.294262  -1.245829 
   715000.0000  -1.548219   0.296755  -1.251464 
   715500.0000  -1.536913   0.292899  -1.244015 
   716000.0000  -1.544575   0.289410  -1.255165 
   716500.0000  -1.538482   0.293776  -1.244706 
   717000.0000  -1.538647   0.296925  -1.241721 
   717500.0000  -1.548762   0.295335  -1.253427 
   718000.0000  -1.543375   0.286141  -1.257235 
   718500.0000  -1.540131   0.297902  -1.242229 
   719000.0000  -1.537355   0.295646  -1.241709 
   719500.0000  -1.541173   0.297217  -1.243957 
   720000.0000  -1.537326   0.292954  -1.244372 
   720500.0000  -1.542886   0.292815  -1.250071 
   721000.0000  -1.535636   0.299896  -1.235739 
   721500.0000  -1.541002   0.296158  -1.244844 
   722000.0000  -1.540480   0.291928  -1.248552 
   722500.0000  -1.541460   0.299510  -1.241950 
   723000.0000  -1.541955   0.296524  -1.245431 
   723500.0000  -1.536826   0.298628  -1.238198 
   724000.0000  -1.543520   0.296953  -1.246567 
   724500.0000  -1.546078   0.297189  -1.248889 
   725000.0000  -1.538922   0.299330  -1.239592 
   725500.0000  -1.537675   0.298262  -1.239413 
   726000.0000  -1.538259   0.294368  -1.243891 
   726500.0000  -1.546160   0.290917  -1.255243 
   727000.0000  -1.541281   0.297999  -1.243282 
   727500.0000  -1.545835   0.295390  -1.250445 
   728000.0000  -1.541378   0.296629  -1.244749 
   728500.0000  -1.540879   0.297319  -1.243560 
   729000.0000  -1.541009   0.306473  -1.234536 
   729500.0000  -1.538870   0.290433  -1.248437 
   730000.0000  -1.532439   0.294776  -1.237663 
   730500.0000  -1.544033   0.294697  -1.249336 
   731000.0000  -1.539111   0.300972  -1.238139 
   731500.0000  -1.540700   0.298367  -1.242332 
   732000.0000  -1.542878   0.297090  -1.245788 
   732500.0000  -1.544430   0.300626  -1.243804 
   733000.0000  -1.540433   0.291326  -1.249107 
   733500.0000  -1.531875   0.292679  -1.239196 
   734000.0000  -1.543888   0.293068  -1.250820 
   734500.0000  -1.538654   0.295105  -1.243549 
   735000.0000  -1.537221   0.296063  -1.241157 
   735500.0000  -1.539734   0.297364  -1.242370 
   736000.0000  -1.540394   0.296861  -1.243533 
   736500.0000  -1.546640   0.294381  -1.252259 
   737000.0000  -1.538687   0.297345  -1.241342 
   737500.0000  -1.537573   0.292393  -1.245180 
   738000.0000  -1.540893   0.297070  -1.243824 
   738500.0000  -1.537551   0.296219  -1.241332 
   739000.0000  -1.537632   0.295611  -1.242020 
   739500.0000  -1.539310   0.298889  -1.240421 
   740000.0000  -1.543261   0.294088  -1.249173 
   740500.0000  -1.542995   0.293794  -1.249202 
   741000.0000  -1.537958   0.296405  -1.241553 
   741500.0000  -1.540741   0.301280  -1.239460 
   742000.0000  -1.539140   0.297468  -1.241671 
   742500.0000  -1.537690   0.298730  -1.238959 
   743000.0000  -1.537633   0.297595  -1.240038 
   743500.0000  -1.542522   0.296260  -1.246261 
   744000.0000  -1.539899   0.301651  -1.238248 
   744500.0000  -1.534032   0.304122  -1.229911 
   745000.0000  -1.542252   0.296210  -1.246042 
   745500.0000  -1.532946   0.297457  -1.235489 
   746000.0000  -1.537672   0.293954  -1.243718 
   746500.0000  -1.544565   0.295364  -1.249200 
   747000.0000  -1.537866   0.293989  -1.243877 
   747500.0000  -1.538412   0.297690  -1.240721 
   748000.0000  -1.544802   0.293615  -1.251187 
   748500.0000  -1.539196   0.292291  -1.246905 
   749000.0000  -1.544367   0.290556  -1.253810 
   749500.0000  -1.536281   0.296526  -1.239754 
   750000.0000  -1.532189   0.293681  -1.238508 
   750500.0000  -1.541822   0.293576  -1.248245 
   751000.0000  -1.540553   0.295492  -1.245061 
   751500.0000  -1.536257   0.290694  -1.245563 
   752000.0000  -1.548937   0.295682  -1.253255 
   752500.0000  -1.538602   0.296031  -1.242570 
   753000.0000  -1.539045   0.293935  -1.245110 
   753500.0000  -1.537916   0.295075  -1.242841 
   754000.0000  -1.531742   0.304159  -1.227583 
   754500.0000  -1.542404   0.298379  -1.244026 
   755000.0000  -1.538952   0.289494  -1.249458 
   755500.0000  -1.541274   0.297331  -1.243943 
   756000.0000  -1.543548   0.295635  -1.247914 
   756500.0000  -1.536503   0.292195  -1.244309 
   757000.0000  -1.535433   0.294382  -1.241050 
   757500.0000  -1.535617   0.291734  -1.243883 
   758000.0000  -1.543957   0.299324  -1.244634 
   758500.0000  -1.538737   0.297876  -1.240861 
   759000.0000  -1.535598   0.296923  -1.238675 
   759500.0000  -1.541107   0.293431  -1.247675 
   760000.0000  -1.546706   0.301797  -1.244908 
   760500.0000  -1.537929   0.285049  -1.252880 
   761000.0000  -1.540849   0.291764  -1.249085 
   761500.0000  -1.531778   0.291696  -1.240082 
   762000.0000  -1.545527   0.298906  -1.246621 
   762500.0000  -1.548935   0.296911  -1.252024 
   763000.0000  -1.544173   0.297939  -1.246234 
   763500.0000  -1.544318   0.289214  -1.255104 
   764000.0000  -1.538476   0.302997  -1.235479 
   764500.0000  -1.539321   0.291811  -1.247509 
   765000.0000  -1.539458   0.297520  -1.241938 
   765500.0000  -1.540567   0.292665  -1.247901 
   766000.0000  -1.541277   0.295222  -1.246055 
   766500.0000  -1.541355   0.290729  -1.250626 
   767000.0000  -1.536222   0.288936  -1.247286 
   767500.0000  -1.545734   0.290316  -1.255418 
   768000.0000  -1.539210   0.294106  -1.245104 
   768500.0000  -1.536770   0.301859  -1.234911 
   769000.0000  -1.546086   0.293952  -1.252134 
   769500.0000  -1.545314   0.300387  -1.244927 
   770000.0000  -1.533205   0.296413  -1.236793 
   770500.0000  -1.539752   0.296425  -1.243327 
   771000.0000  -1.537858   0.293933  -1.243925 
   771500.0000  -1.543573   0.292550  -1.251023 
   772000.0000  -1.544925   0.292755  -1.252169 
   772500.0000  -1.538054   0.290311  -1.247743 
   773000.0000  -1.543561   0.290954  -1.252608 
   773500.0000  -1.536085   0.294169  -1.241916 
   774000.0000  -1.537681   0.295196  -1.242484 
   774500.0000  -1.536891   0.297745  -1.239146 
   775000.0000  -1.531930   0.293470  -1.238460 
   775500.0000  -1.537448   0.292969  -1.244480 
   776000.0000  -1.537112   0.288777  -1.248335 
   776500.0000  -1.542718   0.295617  -1.247101 
   777000.0000  -1.541646   0.296233  -1.245413 
   777500.0000  -1.543306   0.292469  -1.250837 
   778000.0000  -1.533157   0.294955  -1.238202 
   778500.0000  -1.537134   0.292238  -1.244896 
   779000.0000  -1.537343   0.291184  -1.246159 
   779500.0000  -1.543535   0.294432  -1.249103 
   780000.0000  -1.543547   0.294993  -1.248554 
   780500.0000  -1.542559   0.289762  -1.252797 
   781000.0000  -1.538900   0.296441  -1.242458 
   781500.0000  -1.540381   0.288992  -1.251389 
   782000.0000  -1.536691   0.294822  -1.241869 
   782500.0000  -1.534684   0.287674  -1.247010 
   783000.0000  -1.541173   0.295334  -1.245839 
   783500.0000  -1.539231   0.301056  -1.238175 
   784000.0000  -1.540983   0.292223  -1.248760 
   784500.0000  -1.536332   0.290957  -1.245375 
   785000.0000  -1.542649   0.293575  -1.249074 
   785500.0000  -1.539834   0.290735  -1.249100 
   786000.0000  -1.544083   0.291000  -1.253083 
   786500.0000  -1.545107   0.296993  -1.248114 
   787000.0000  -1.540960   0.291975  -1.248984 
   787500.0000  -1.531997   0.296192  -1.235805 
   788000.0000  -1.531545   0.297233  -1.234312 
   788500.0000  -1.534425   0.293176  -1.241250 
   789000.0000  -1.542369   0.294586  -1.247783 
   789500.0000  -1.545446   0.295856  -1.249590 
   790000.0000  -1.541420   0.297760  -1.243661 
   790500.0000  -1.541913   0.295002  -1.246910 
   791000.0000  -1.541562   0.290546  -1.251016 
   791500.0000  -1.542945   0.287305  -1.255640 
   792000.0000  -1.540816   0.292210  -1.248606 
   792500.0000  -1.532923   0.299451  -1.233471 
   793000.0000  -1.538333   0.292036  -1.246297 
   793500.0000  -1.541168   0.294862  -1.246306 
   794000.0000  -1.536363   0.290173  -1.246191 
   794500.0000  -1.535596   0.300511  -1.235085 
   795000.0000  -1.540915   0.295775  -1.245140 
   795500.0000  -1.543979   0.290386  -1.253592 
   796000.0000  -1.535335   0.294210  -1.241125 
   796500.0000  -1.540723   0.297840  -1.242883 
   797000.0000  -1.543621   0.298940  -1.244681 
   797500.0000  -1.539359   0.294693  -1.244666 
   798000.0000  -1.538192   0.294288  -1.243904 
   798500.0000  -1.551432   0.290817  -1.260615 
   799000.0000  -1.543917   0.294583  -1.249334 
   799500.0000  -1.533828   0.294142  -1.239686 
   800000.0000  -1.541598   0.292453  -1.249145 
   800500.0000  -1.543716   0.296418  -1.247298 
   801000.0000  -1.541256   0.291911  -1.249345 
   801500.0000  -1.539471   0.296533  -1.242939 
   802000.0000  -1.538499   0.282580  -1.255919 
   802500.0000  -1.536815   0.296743  -1.240072 
   803000.0000  -1.538188   0.293518  -1.244670 
   803500.0000  -1.539607   0.292164  -1.247443 
   804000.0000  -1.547663   0.295022  -1.252640 
   804500.0000  -1.542644   0.293729  -1.248915 
   805000.0000  -1.533770   0.290717  -1.243053 
   805500.0000  -1.540313   0.294570  -1.245743 
   806000.0000  -1.536526   0.291452  -1.245074 
   806500.0000  -1.538998   0.292304  -1.246694 
   807000.0000  -1.541219   0.289352  -1.251867 
   807500.0000  -1.547042   0.294282  -1.252760 
   808000.0000  -1.539780   0.290599  -1.249181 
   808500.0000  -1.542643   0.292261  -1.250382 
   809000.0000  -1.540035   0.301835  -1.238201 
   809500.0000  -1.538641   0.292081  -1.246560 
   810000.0000  -1.538574   0.293086  -1.245488 
   810500.0000  -1.536930   0.295593  -1.241337 
   811000.0000  -1.540543   0.294109  -1.246434 
   811500.0000  -1.534172   0.294472  -1.239700 
   812000.0000  -1.541385   0.292545  -1.248840 
   812500.0000  -1.536563   0.298003  -1.238559 
   813000.0000  -1.542458   0.292338  -1.250120 
   813500.0000  -1.543477   0.296310  -1.247167 
   814000.0000  -1.545766   0.292207  -1.253560 
   814500.0000  -1.549678   0.294236  -1.255442 
   815000.0000  -1.545958   0.295346  -1.250611 
   815500.0000  -1.540336   0.297150  -1.243185 
   816000.0000  -1.538413   0.295981  -1.242432 
   816500.0000  -1.536545   0.295252  -1.241293 
   817000.0000  -1.544271   0.289446  -1.254825 
   817500.0000  -1.540891   0.293916  -1.246975 
   818000.0000  -1.535191   0.298140  -1.237052 
   818500.0000  -1.539270   0.291690  -1.247579 
   819000.0000  -1.538822   0.291604  -1.247218 
   819500.0000  -1.542919   0.290854  -1.252065 
   820000.0000  -1.538664   0.292348  -1.246316 
   820500.0000  -1.540126   0.295232  -1.244894 
   821000.0000  -1.536212   0.302581  -1.233631 
   821500.0000  -1.537244   0.293909  -1.243335 
   822000.0000  -1.535950   0.291883  -1.244066 
   822500.0000  -1.536326   0.294925  -1.241401 
   823000.0000  -1.538936   0.296557  -1.242380 
   823500.0000  -1.548286   0.295191  -1.253095 
   824000.0000  -1.536122   0.286600  -1.249522 
   824500.0000  -1.533406   0.295022  -1.238384 
   825000.0000  -1.538287   0.293986  -1.244300 
   825500.0000  -1.544867   0.287554  -1.257313 
   826000.0000  -1.539512   0.294568  -1.244944 
   826500.0000  -1.531145   0.297258  -1.233887 
   827000.0000  -1.536663   0.296951  -1.239712 
   827500.0000  -1.541788   0.292754  -1.249034 
   828000.0000  -1.540120   0.295326  -1.244794 
   828500.0000  -1.535895   0.292050  -1.243845 
   829000.0000  -1.535483   0.296742  -1.238741 
   829500.0000  -1.545236   0.295163  -1.250074 
   830000.0000  -1.539163   0.299405  -1.239758 
   830500.0000  -1.544606   0.294437  -1.250168 
   831000.0000  -1.540016   0.290672  -1.249344 
   831500.0000  -1.549768   0.294730  -1.255038 
   832000.0000  -1.541646   0.299757  -1.241889 
   832500.0000  -1.541623   0.291578  -1.250045 
   833000.0000  -1.540558   0.294120  -1.246437 
   833500.0000  -1.551799   0.297113  -1.254686 
   834000.0000  -1.536456   0.295240  -1.241216 
   834500.0000  -1.539838   0.296327  -1.243511 
   835000.0000  -1.540804   0.298946  -1.241858 
   835500.0000  -1.540851   0.294822  -1.246029 
   836000.0000  -1.536498   0.295393  -1.241105 
   836500.0000  -1.532827   0.291480  -1.241346 
   837000.0000  -1.544162   0.288627  -1.255535 
   837500.0000  -1.546078   0.300148  -1.245930 
   838000.0000  -1.537326   0.294822  -1.242503 
   838500.0000  -1.541831   0.293011  -1.248820 
   839000.0000  -1.542371   0.291480  -1.250892 
   839500.0000  -1.540910   0.289445  -1.251465 
   840000.0000  -1.550708   0.298744  -1.251964 
   840500.0000  -1.538137   0.299426  -1.238710 
   841000.0000  -1.539039   0.292138  -1.246901 
   841500.0000  -1.543616   0.298493  -1.245122 
   842000.0000  -1.540005   0.291079  -1.248927 
   842500.0000  -1.542214   0.296566  -1.245648 
   843000.0000  -1.537437   0.291599  -1.245838 
   843500.0000  -1.539812   0.294249  -1.245563 
   844000.0000  -1.538661   0.291695  -1.246966 
   844500.0000  -1.542547   0.295701  -1.246847 
   845000.0000  -1.543124   0.292734  -1.250389 
   845500.0000  -1.533756   0.297313  -1.236443 
   846000.0000  -1.542685   0.297541  -1.245144 
   846500.0000  -1.543307   0.299109  -1.244198 
   847000.0000  -1.537916   0.292800  -1.245116 
   847500.0000  -1.540716   0.291954  -1.248761 
   848000.0000  -1.537103   0.288600  -1.248503 
   848500.0000  -1.539882   0.293903  -1.245978 
   849000.0000  -1.543294   0.293544  -1.249750 
   849500.0000  -1.544202   0.297718  -1.246484 
   850000.0000  -1.535450   0.295855  -1.239594 
   850500.0000  -1.530752   0.292564  -1.238187 
   851000.0000  -1.546545   0.291679  -1.254866 
   851500.0000  -1.547169   0.293379  -1.253790 
   852000.0000  -1.539441   0.291864  -1.247577 
   852500.0000  -1.539180   0.297910  -1.241270 
   853000.0000  -1.536292   0.301221  -1.235071 
   853500.0000  -1.534944   0.294458  -1.240486 
   854000.0000  -1.536900   0.295843  -1.241058 
   854500.0000  -1.538771   0.296133  -1.242638 
   855000.0000  -1.538074   0.294971  -1.243103 
   855500.0000  -1.542431   0.298411  -1.244020 
   856000.0000  -1.546617   0.302592  -1.244026 
   856500.0000  -1.540341   0.297519  -1.242822 
   857000.0000  -1.538890   0.295249  -1.243641 
   857500.0000  -1.543731   0.299412  -1.244319 
   858000.0000  -1.534074   0.294375  -1.239698 
   858500.0000  -1.540333   0.293864  -1.246469 
   859000.0000  -1.538911   0.297144  -1.241767 
   859500.0000  -1.541638   0.291101  -1.250537 
   860000.0000  -1.539650   0.298366  -1.241285 
   860500.0000  -1.532560   0.294491  -1.238070 
   861000.0000  -1.542877   0.301381  -1.241495 
   861500.0000  -1.543210   0.294704  -1.248506 
   862000.0000  -1.539232   0.297300  -1.241932 
   862500.0000  -1.535295   0.299198  -1.236097 
   863000.0000  -1.535055   0.294634  -1.240421 
   863500.0000  -1.540973   0.291642  -1.249331 
   864000.0000  -1.538375   0.300927  -1.237448 
   864500.0000  -1.529057   0.301689  -1.227368 
   865000.0000  -1.537238   0.292746  -1.244492 
   865500.0000  -1.542922   0.300664  -1.242258 
   866000.0000  -1.540059   0.298051  -1.242008 
   866500.0000  -1.541184   0.296527  -1.244657 
   867000.0000  -1.542933   0.291691  -1.251242 
   867500.0000  -1.546984   0.298208  -1.248777 
   868000.0000  -1.547084   0.290855  -1.256230 
   868500.0000  -1.538855   0.290739  -1.248116 
   869000.0000  -1.543613   0.292370  -1.251242 
   869500.0000  -1.539930   0.292786  -1.247144 
   870000.0000  -1.540647   0.292489  -1.248158 
   870500.0000  -1.534026   0.293275  -1.240751 
   871000.0000  -1.549413   0.295311  -1.254102 
   871500.0000  -1.545032   0.295428  -1.249604 
   872000.0000  -1.541529   0.294430  -1.247099 
   872500.0000  -1.533356   0.295130  -1.238226 
   873000.0000  -1.545392   0.303153  -1.242239 
   873500.0000  -1.548340   0.296151  -1.252188 
   874000.0000  -1.542560   0.297704  -1.244856 
   874500.0000  -1.543177   0.294046  -1.249131 
   875000.0000  -1.550199   0.292521  -1.257678 
   875500.0000  -1.537639   0.300950  -1.236689 
   876000.0000  -1.544033   0.298882  -1.245151 
   876500.0000  -1.540707   0.292545  -1.248163 
   877000.0000  -1.543101   0.295011  -1.248090 
   877500.0000  -1.531783   0.301045  -1.230738 
   878000.0000  -1.538564   0.292779  -1.245784 
   878500.0000  -1.539192   0.299379  -1.239813 
   879000.0000  -1.538109   0.294257  -1.243852 
   879500.0000  -1.544011   0.295434  -1.248577 
   880000.0000  -1.541824   0.292501  -1.249324 
   880500.0000  -1.539931   0.291430  -1.248501 
